crossing time (s)	slope (V/s)	crossing number
281474976710655.000000	4.895374	1809	2653140992.000000
281474976710655.000000	4.679053	1810	2654180864.000000
281474976710655.000000	4.771176	1811	2655224832.000000
281474976710655.000000	4.794588	1812	2656263424.000000
281474976710655.000000	4.709747	1813	2657306368.000000
281474976710655.000000	4.762670	1814	2658350336.000000
281474976710655.000000	5.055068	1815	2659390208.000000
281474976710655.000000	4.823365	1816	2660428032.000000
281474976710655.000000	4.754031	1817	2661473280.000000
281474976710655.000000	4.895987	1818	2662511616.000000
281474976710655.000000	4.905719	1819	2663553280.000000
281474976710655.000000	4.658770	1820	2664593152.000000
281474976710655.000000	4.897781	1821	2665638656.000000
281474976710655.000000	4.866470	1822	2666674688.000000
281474976710655.000000	4.823543	1823	2667721472.000000
281474976710655.000000	4.714391	1824	2668756992.000000
281474976710655.000000	5.097501	1825	2669802752.000000
281474976710655.000000	4.921881	1826	2670836480.000000
281474976710655.000000	4.843725	1827	2671885824.000000
281474976710655.000000	4.744152	1828	2672920576.000000
281474976710655.000000	4.910082	1829	2673969408.000000
281474976710655.000000	4.755633	1830	2675002624.000000
281474976710655.000000	5.005652	1831	2676053248.000000
281474976710655.000000	4.948156	1832	2677082880.000000
281474976710655.000000	4.944437	1833	2678134016.000000
281474976710655.000000	4.803223	1834	2679165440.000000
281474976710655.000000	4.844420	1835	2680218368.000000
281474976710655.000000	4.784582	1836	2681247232.000000
281474976710655.000000	4.974239	1837	2682301440.000000
281474976710655.000000	4.915616	1838	2683331072.000000
281474976710655.000000	5.006779	1839	2684382720.000000
281474976710655.000000	4.928327	1840	2685410816.000000
281474976710655.000000	4.850410	1841	2686465792.000000
281474976710655.000000	4.822792	1842	2687493120.000000
281474976710655.000000	4.941885	1843	2688549888.000000
281474976710655.000000	4.885301	1844	2689576960.000000
281474976710655.000000	4.997717	1845	2690630400.000000
281474976710655.000000	4.978477	1846	2691658752.000000
281474976710655.000000	4.935352	1847	2692713728.000000
281474976710655.000000	4.854672	1848	2693740800.000000
281474976710655.000000	4.845545	1849	2694797056.000000
281474976710655.000000	4.828718	1850	2695824384.000000
281474976710655.000000	4.981709	1851	2696878848.000000
281474976710655.000000	4.912532	1852	2697906688.000000
281474976710655.000000	5.036572	1853	2698960384.000000
281474976710655.000000	4.869961	1854	2699986688.000000
281474976710655.000000	4.893162	1855	2701043968.000000
281474976710655.000000	4.837185	1856	2702070016.000000
281474976710655.000000	5.042634	1857	2703126528.000000
281474976710655.000000	4.920357	1858	2704153856.000000
281474976710655.000000	5.048162	1859	2705207808.000000
281474976710655.000000	4.971387	1860	2706235904.000000
281474976710655.000000	4.950888	1861	2707290624.000000
281474976710655.000000	4.886429	1862	2708317184.000000
281474976710655.000000	5.005870	1863	2709372928.000000
281474976710655.000000	4.915471	1864	2710400512.000000
281474976710655.000000	5.110685	1865	2711454976.000000
281474976710655.000000	5.032150	1866	2712483840.000000
281474976710655.000000	5.032227	1867	2713535232.000000
281474976710655.000000	4.913383	1868	2714564096.000000
281474976710655.000000	5.039340	1869	2715620352.000000
281474976710655.000000	4.927244	1870	2716649728.000000
281474976710655.000000	5.100903	1871	2717701376.000000
281474976710655.000000	5.025344	1872	2718730240.000000
281474976710655.000000	5.115356	1873	2719781632.000000
281474976710655.000000	4.915238	1874	2720813056.000000
281474976710655.000000	5.049360	1875	2721863936.000000
281474976710655.000000	4.991857	1876	2722898176.000000
281474976710655.000000	5.076393	1877	2723944960.000000
281474976710655.000000	4.966591	1878	2724981248.000000
281474976710655.000000	5.145073	1879	2726026752.000000
281474976710655.000000	5.003855	1880	2727062528.000000
281474976710655.000000	5.085009	1881	2728108800.000000
281474976710655.000000	4.978600	1882	2729147392.000000
281474976710655.000000	5.128529	1883	2730189568.000000
281474976710655.000000	4.998591	1884	2731228672.000000
281474976710655.000000	5.102742	1885	2732272384.000000
281474976710655.000000	5.057373	1886	2733308928.000000
281474976710655.000000	5.093305	1887	2734354688.000000
281474976710655.000000	4.986251	1888	2735392768.000000
281474976710655.000000	5.131749	1889	2736439808.000000
281474976710655.000000	5.082295	1890	2737476096.000000
281474976710655.000000	5.082607	1891	2738521088.000000
281474976710655.000000	4.993994	1892	2739558400.000000
281474976710655.000000	5.068902	1893	2740601856.000000
281474976710655.000000	4.976441	1894	2741640960.000000
281474976710655.000000	5.143793	1895	2742686464.000000
281474976710655.000000	5.071571	1896	2743723264.000000
281474976710655.000000	5.109371	1897	2744765952.000000
281474976710655.000000	5.040972	1898	2745805568.000000
281474976710655.000000	5.123866	1899	2746850048.000000
281474976710655.000000	5.066109	1900	2747888128.000000
281474976710655.000000	5.127037	1901	2748931584.000000
281474976710655.000000	5.078712	1902	2749970688.000000
281474976710655.000000	5.161231	1903	2751013120.000000
281474976710655.000000	5.076111	1904	2752050432.000000
281474976710655.000000	5.110437	1905	2753095936.000000
281474976710655.000000	5.044941	1906	2754134528.000000
281474976710655.000000	5.118740	1907	2755180032.000000
281474976710655.000000	5.043052	1908	2756216832.000000
281474976710655.000000	5.163201	1909	2757262592.000000
281474976710655.000000	5.052442	1910	2758298880.000000
281474976710655.000000	5.154235	1911	2759344128.000000
281474976710655.000000	5.060828	1912	2760380416.000000
281474976710655.000000	5.154911	1913	2761427968.000000
281474976710655.000000	5.081992	1914	2762461184.000000
281474976710655.000000	5.141884	1915	2763509760.000000
281474976710655.000000	5.056322	1916	2764543488.000000
281474976710655.000000	5.186148	1917	2765593088.000000
281474976710655.000000	5.037724	1918	2766627072.000000
281474976710655.000000	5.205328	1919	2767673344.000000
281474976710655.000000	5.136466	1920	2768709376.000000
281474976710655.000000	5.230618	1921	2769756928.000000
281474976710655.000000	5.075735	1922	2770790400.000000
281474976710655.000000	5.272798	1923	2771841024.000000
281474976710655.000000	5.190069	1924	2772872192.000000
281474976710655.000000	5.218368	1925	2773921792.000000
281474976710655.000000	5.155411	1926	2774955264.000000
281474976710655.000000	5.259924	1927	2776005120.000000
281474976710655.000000	5.112619	1928	2777037056.000000
281474976710655.000000	5.214056	1929	2778087424.000000
281474976710655.000000	5.094302	1930	2779117056.000000
281474976710655.000000	5.217207	1931	2780170496.000000
281474976710655.000000	5.113605	1932	2781200128.000000
281474976710655.000000	5.208291	1933	2782253312.000000
281474976710655.000000	5.133373	1934	2783283456.000000
281474976710655.000000	5.162884	1935	2784336384.000000
281474976710655.000000	5.097338	1936	2785364992.000000
281474976710655.000000	5.187833	1937	2786417920.000000
281474976710655.000000	5.143565	1938	2787447296.000000
281474976710655.000000	5.196092	1939	2788500480.000000
281474976710655.000000	5.141932	1940	2789530112.000000
281474976710655.000000	5.175091	1941	2790583296.000000
281474976710655.000000	5.122238	1942	2791612672.000000
281474976710655.000000	5.204131	1943	2792664320.000000
281474976710655.000000	5.163806	1944	2793693696.000000
281474976710655.000000	5.211880	1945	2794747648.000000
281474976710655.000000	5.129529	1946	2795775744.000000
281474976710655.000000	5.214272	1947	2796829440.000000
281474976710655.000000	5.126563	1948	2797858816.000000
281474976710655.000000	5.207118	1949	2798911232.000000
281474976710655.000000	5.135051	1950	2799941888.000000
281474976710655.000000	5.242342	1951	2800993792.000000
281474976710655.000000	5.163939	1952	2802023424.000000
281474976710655.000000	5.265545	1953	2803076352.000000
281474976710655.000000	5.224553	1954	2804106496.000000
281474976710655.000000	5.220505	1955	2805157888.000000
281474976710655.000000	5.164489	1956	2806188288.000000
281474976710655.000000	5.252706	1957	2807240192.000000
281474976710655.000000	5.155427	1958	2808271104.000000
281474976710655.000000	5.265873	1959	2809320960.000000
281474976710655.000000	5.222356	1960	2810354944.000000
281474976710655.000000	5.263400	1961	2811403520.000000
281474976710655.000000	5.190749	1962	2812437760.000000
281474976710655.000000	5.248724	1963	2813485824.000000
281474976710655.000000	5.179134	1964	2814520064.000000
281474976710655.000000	5.253762	1965	2815567104.000000
281474976710655.000000	5.175548	1966	2816600832.000000
281474976710655.000000	5.345468	1967	2817647360.000000
281474976710655.000000	5.171156	1968	2818684672.000000
281474976710655.000000	5.251208	1969	2819730432.000000
281474976710655.000000	5.181211	1970	2820766976.000000
281474976710655.000000	5.207581	1971	2821812480.000000
281474976710655.000000	5.148827	1972	2822851584.000000
281474976710655.000000	5.253201	1973	2823894272.000000
281474976710655.000000	5.150240	1974	2824933376.000000
281474976710655.000000	5.227036	1975	2825977344.000000
281474976710655.000000	5.221045	1976	2827016704.000000
281474976710655.000000	5.217252	1977	2828058880.000000
281474976710655.000000	5.151467	1978	2829099264.000000
281474976710655.000000	5.238814	1979	2830139648.000000
281474976710655.000000	5.151641	1980	2831181824.000000
281474976710655.000000	5.230183	1981	2832222208.000000
281474976710655.000000	5.202269	1982	2833264128.000000
281474976710655.000000	5.215127	1983	2834304512.000000
281474976710655.000000	5.172821	1984	2835344896.000000
281474976710655.000000	5.225420	1985	2836386816.000000
281474976710655.000000	5.208434	1986	2837429504.000000
281474976710655.000000	5.223224	1987	2838469376.000000
281474976710655.000000	5.252622	1988	2839511808.000000
281474976710655.000000	5.259619	1989	2840551424.000000
281474976710655.000000	5.228086	1990	2841593344.000000
281474976710655.000000	5.289961	1991	2842634752.000000
281474976710655.000000	5.266437	1992	2843675392.000000
281474976710655.000000	5.279975	1993	2844715520.000000
281474976710655.000000	5.220153	1994	2845755904.000000
281474976710655.000000	5.320859	1995	2846798336.000000
281474976710655.000000	5.248260	1996	2847840000.000000
281474976710655.000000	5.266448	1997	2848881408.000000
281474976710655.000000	5.244018	1998	2849922304.000000
281474976710655.000000	5.308792	1999	2850963968.000000
281474976710655.000000	5.236654	2000	2852004352.000000
281474976710655.000000	5.292412	2001	2853046528.000000
281474976710655.000000	5.254078	2002	2854085888.000000
281474976710655.000000	5.337708	2003	2855128320.000000
281474976710655.000000	5.262180	2004	2856168448.000000
281474976710655.000000	5.335697	2005	2857211392.000000
281474976710655.000000	5.258981	2006	2858249472.000000
281474976710655.000000	5.333636	2007	2859294976.000000
281474976710655.000000	5.237781	2008	2860331776.000000
281474976710655.000000	5.320949	2009	2861377280.000000
281474976710655.000000	5.212562	2010	2862413568.000000
281474976710655.000000	5.347020	2011	2863459584.000000
281474976710655.000000	5.280022	2012	2864495872.000000
281474976710655.000000	5.343329	2013	2865542400.000000
281474976710655.000000	5.313886	2014	2866578176.000000
281474976710655.000000	5.340523	2015	2867624960.000000
281474976710655.000000	5.275801	2016	2868659712.000000
281474976710655.000000	5.348135	2017	2869707008.000000
281474976710655.000000	5.337117	2018	2870741504.000000
281474976710655.000000	5.359136	2019	2871789056.000000
281474976710655.000000	5.304090	2020	2872823552.000000
281474976710655.000000	5.341135	2021	2873872384.000000
281474976710655.000000	5.341298	2022	2874904576.000000
281474976710655.000000	5.375174	2023	2875955456.000000
281474976710655.000000	5.296252	2024	2876988160.000000
281474976710655.000000	5.352468	2025	2878035456.000000
281474976710655.000000	5.322051	2026	2879070720.000000
281474976710655.000000	5.399061	2027	2880120832.000000
281474976710655.000000	5.282613	2028	2881151488.000000
281474976710655.000000	5.339534	2029	2882201088.000000
281474976710655.000000	5.252027	2030	2883233280.000000
281474976710655.000000	5.362685	2031	2884283904.000000
281474976710655.000000	5.299480	2032	2885316608.000000
281474976710655.000000	5.366592	2033	2886365696.000000
281474976710655.000000	5.275111	2034	2887399424.000000
281474976710655.000000	5.341260	2035	2888448000.000000
281474976710655.000000	5.329570	2036	2889481216.000000
281474976710655.000000	5.366710	2037	2890530560.000000
281474976710655.000000	5.310721	2038	2891563008.000000
281474976710655.000000	5.388136	2039	2892613632.000000
281474976710655.000000	5.346669	2040	2893643776.000000
281474976710655.000000	5.377513	2041	2894693632.000000
281474976710655.000000	5.301400	2042	2895728640.000000
281474976710655.000000	5.360696	2043	2896775936.000000
281474976710655.000000	5.313820	2044	2897810944.000000
281474976710655.000000	5.379171	2045	2898858752.000000
281474976710655.000000	5.307688	2046	2899893248.000000
281474976710655.000000	5.372627	2047	2900942080.000000
281474976710655.000000	5.344829	2048	2901974784.000000
281474976710655.000000	5.397978	2049	2903022848.000000
281474976710655.000000	5.293013	2050	2904057600.000000
281474976710655.000000	5.380007	2051	2905105408.000000
281474976710655.000000	5.327796	2052	2906141184.000000
281474976710655.000000	5.367189	2053	2907187456.000000
281474976710655.000000	5.309722	2054	2908222720.000000
281474976710655.000000	5.384128	2055	2909268480.000000
281474976710655.000000	5.309999	2056	2910306560.000000
281474976710655.000000	5.358659	2057	2911351040.000000
281474976710655.000000	5.261382	2058	2912388864.000000
281474976710655.000000	5.350457	2059	2913432576.000000
281474976710655.000000	5.287805	2060	2914471424.000000
281474976710655.000000	5.342041	2061	2915513600.000000
281474976710655.000000	5.271788	2062	2916553472.000000
281474976710655.000000	5.345576	2063	2917597440.000000
281474976710655.000000	5.328479	2064	2918636544.000000
281474976710655.000000	5.358098	2065	2919678976.000000
281474976710655.000000	5.318275	2066	2920718848.000000
281474976710655.000000	5.342336	2067	2921758976.000000
281474976710655.000000	5.337979	2068	2922800384.000000
281474976710655.000000	5.303189	2069	2923842816.000000
281474976710655.000000	5.319050	2070	2924883712.000000
281474976710655.000000	5.331867	2071	2925925376.000000
281474976710655.000000	5.361893	2072	2926965760.000000
281474976710655.000000	5.356033	2073	2928008448.000000
281474976710655.000000	5.368861	2074	2929048064.000000
281474976710655.000000	5.347388	2075	2930090752.000000
281474976710655.000000	5.352253	2076	2931130624.000000
281474976710655.000000	5.359876	2077	2932173312.000000
281474976710655.000000	5.328739	2078	2933211648.000000
281474976710655.000000	5.384464	2079	2934254592.000000
281474976710655.000000	5.310245	2080	2935295488.000000
281474976710655.000000	5.407169	2081	2936337920.000000
281474976710655.000000	5.343400	2082	2937375744.000000
281474976710655.000000	5.368870	2083	2938419968.000000
281474976710655.000000	5.356113	2084	2939458560.000000
281474976710655.000000	5.352883	2085	2940500480.000000
281474976710655.000000	5.328824	2086	2941541632.000000
281474976710655.000000	5.394969	2087	2942584320.000000
281474976710655.000000	5.352370	2088	2943622912.000000
281474976710655.000000	5.377439	2089	2944667136.000000
281474976710655.000000	5.370144	2090	2945705984.000000
281474976710655.000000	5.410775	2091	2946749696.000000
281474976710655.000000	5.366794	2092	2947786496.000000
281474976710655.000000	5.410086	2093	2948832512.000000
281474976710655.000000	5.370138	2094	2949868288.000000
281474976710655.000000	5.376266	2095	2950913792.000000
281474976710655.000000	5.328761	2096	2951951360.000000
281474976710655.000000	5.400039	2097	2952996352.000000
281474976710655.000000	5.340624	2098	2954032128.000000
281474976710655.000000	5.355165	2099	2955079680.000000
281474976710655.000000	5.373446	2100	2956115712.000000
281474976710655.000000	5.424472	2101	2957162752.000000
281474976710655.000000	5.401456	2102	2958196480.000000
281474976710655.000000	5.435272	2103	2959245312.000000
