time (s)	energy (uJ)	charge (mC)	voltage (mV)	crossing#mod 255
2653.145238	109.574638	0.035937	3.049117	17
2654.187285	107.166664	0.035934	2.982338	18
2655.231294	103.112762	0.035937	2.869240	19
2656.266190	106.871826	0.035935	2.974041	20
2657.310266	109.740341	0.035933	3.054039	21
2658.354828	107.801262	0.035932	3.000107	22
2659.393313	110.160851	0.035928	3.066141	23
2660.433348	108.096428	0.035938	3.007885	24
2661.477386	106.391441	0.035933	2.960826	25
2662.515467	105.870171	0.035932	2.946378	26
2663.557516	107.955406	0.035932	3.004407	27
2664.599536	106.305931	0.035937	2.958114	28
2665.643556	111.014359	0.035935	3.089332	29
2666.680102	110.323204	0.035933	3.070235	30
2667.726143	107.310097	0.035936	2.986178	31
2668.762160	106.846794	0.035938	2.973077	32
2669.806757	110.366905	0.035933	3.071457	33
2670.840828	109.116608	0.035932	3.036767	34
2671.890900	109.890335	0.035932	3.058249	35
2672.923461	110.913887	0.035927	3.087169	36
2673.973453	110.448380	0.035931	3.073873	37
2675.006023	108.207199	0.035934	3.011260	38
2676.058104	110.204330	0.035934	3.066838	39
2677.087044	111.709862	0.035938	3.108431	40
2678.140007	108.821831	0.035934	3.028381	41
2679.168547	110.012161	0.035931	3.061778	42
2680.221483	112.965385	0.035934	3.143728	43
2681.251528	110.322922	0.035926	3.070849	44
2682.305618	109.563843	0.035936	3.048839	45
2683.334198	110.907890	0.035929	3.086897	46
2684.386210	111.407707	0.035917	3.101789	47
2685.414255	111.102623	0.035928	3.092378	48
2686.469214	110.145660	0.035935	3.065141	49
2687.497262	111.718803	0.035931	3.109236	50
2688.553317	109.131035	0.035928	3.037477	51
2689.583375	110.556511	0.035933	3.076742	52
2690.637895	110.085739	0.035938	3.063253	53
2691.662479	112.682564	0.035932	3.135988	54
2692.717055	109.468117	0.035933	3.046411	55
2693.745092	111.701202	0.035931	3.108741	56
2694.801148	109.428787	0.035935	3.045146	57
2695.829228	110.380615	0.035936	3.071579	58
2696.883261	109.889565	0.035931	3.058361	59
2697.911282	112.440781	0.035933	3.129156	60
2698.963567	111.231438	0.035931	3.095684	61
2699.991405	111.396606	0.035937	3.099811	62
2701.049949	109.853981	0.035934	3.057115	63
2702.074016	112.208191	0.035934	3.122590	64
2703.130014	111.282394	0.035930	3.097214	65
2704.158029	112.329880	0.035934	3.125977	66
2705.210991	113.145103	0.035929	3.149094	67
2706.239016	112.410133	0.035931	3.128464	68
2707.295034	111.288490	0.035937	3.096735	69
2708.323121	115.293617	0.035934	3.208483	70
2709.377679	111.293869	0.035932	3.097349	71
2710.403724	112.912216	0.035933	3.142284	72
2711.458005	113.429321	0.035933	3.156694	73
2712.487768	113.186325	0.035931	3.150126	74
2713.541832	111.303047	0.035934	3.097452	75
2714.570411	112.909348	0.035934	3.142106	76
2715.624995	133.880615	0.035933	3.725790	77
2716.653029	112.294624	0.035930	3.125401	78
2717.705060	112.858162	0.035935	3.140630	79
2718.735070	114.348862	0.035932	3.182373	80
2719.785083	113.503716	0.035932	3.158873	81
2720.819091	113.115311	0.035938	3.147494	82
2721.867653	114.108810	0.035935	3.175392	83
2722.901696	114.537521	0.035933	3.187517	84
2723.949759	113.289474	0.035935	3.152637	85
2724.985811	112.473976	0.035933	3.130136	86
2726.031853	113.376503	0.035937	3.154840	87
2727.068428	113.542442	0.035936	3.159595	88
2728.114941	113.017151	0.035932	3.145296	89
2729.152956	113.812912	0.035935	3.167151	90
2730.193048	115.303024	0.035930	3.209120	91
2731.233637	113.959686	0.035934	3.171394	92
2732.278183	112.625374	0.035936	3.134019	93
2733.314262	113.427910	0.035936	3.156392	94
2734.360826	114.181725	0.035938	3.177147	95
2735.397403	114.338547	0.035934	3.181944	96
2736.445459	112.928055	0.035934	3.142692	97
2737.479499	114.749214	0.035930	3.193700	98
2738.526442	112.782013	0.035932	3.138801	99
2739.562459	113.754463	0.035934	3.165627	100
2740.608540	113.452972	0.035933	3.157311	101
2741.645097	114.549400	0.035931	3.188029	102
2742.693144	112.329048	0.035939	3.125589	103
2743.727185	114.874504	0.035929	3.197254	104
2744.771240	115.533905	0.035938	3.214776	105
2745.809790	114.897179	0.035936	3.197264	106
2746.855858	113.829666	0.035932	3.167954	107
2747.891977	115.150955	0.035935	3.204441	108
2748.936045	115.899193	0.035935	3.225270	109
2749.974105	115.680916	0.035932	3.219448	110
2751.020156	114.415977	0.035934	3.184084	111
2752.054723	116.418961	0.035936	3.239651	112
2753.099683	115.887886	0.035931	3.225312	113
2754.137715	115.659309	0.035927	3.219279	114
2755.183762	115.969147	0.035932	3.227433	115
2756.221821	115.172173	0.035934	3.205091	116
2757.265818	115.677788	0.035929	3.219607	117
2758.303847	115.567657	0.035932	3.216288	118
2759.348418	115.967682	0.035934	3.227282	119
2760.384467	117.713333	0.035932	3.275974	120
2761.431417	115.724281	0.035930	3.220821	121
2762.464319	117.461845	0.035932	3.269026	122
2763.516021	115.737152	0.035936	3.220611	123
2764.546602	117.628670	0.035931	3.273734	124
2765.596680	116.107689	0.035935	3.231004	125
2766.632732	115.010918	0.035937	3.200391	126
2767.679262	116.015152	0.035936	3.228364	127
2768.712517	116.321739	0.035935	3.236987	128
2769.760258	117.366364	0.035930	3.266562	129
2770.794790	116.621201	0.035934	3.245450	130
2771.848829	114.006020	0.035934	3.172614	131
2772.876880	117.320091	0.035926	3.265608	132
2773.924913	117.075859	0.035928	3.258587	133
2774.958998	117.001266	0.035930	3.256378	134
2776.009942	116.679077	0.035935	3.246965	135
2777.040323	117.886208	0.035932	3.280807	136
2778.092002	117.103043	0.035934	3.258803	137
2779.120022	119.022835	0.035938	3.311891	138
2780.176027	115.826111	0.035932	3.223445	139
2781.206038	117.229233	0.035932	3.262501	140
2782.258085	116.212730	0.035933	3.234130	141
2783.286613	119.935760	0.035934	3.337707	142
2784.340682	116.275314	0.035932	3.235984	143
2785.370699	117.246941	0.035933	3.262936	144
2786.421617	117.146667	0.035932	3.260223	145
2787.451618	117.829124	0.035934	3.279080	146
2788.505658	116.933296	0.035935	3.254004	147
2789.537718	115.838715	0.035935	3.223530	148
2790.587762	116.632523	0.035936	3.245561	149
2791.615860	118.323479	0.035931	3.293058	150
2792.667866	118.127678	0.035930	3.287761	151
2793.701839	116.200981	0.035937	3.233498	152
2794.752377	116.564903	0.035935	3.243809	153
2795.781354	118.090446	0.035936	3.286117	154
2796.833929	117.254044	0.035931	3.263304	155
2797.863937	118.187431	0.035932	3.289200	156
2798.914501	118.126457	0.035929	3.287747	157
2799.944817	119.302544	0.035938	3.319710	158
2800.997074	117.957642	0.035929	3.283122	159
2802.027099	119.502815	0.035935	3.325530	160
2803.079640	118.150368	0.035929	3.288482	161
2804.112664	117.499504	0.035932	3.270082	162
2805.162692	117.388535	0.035932	3.266919	163
2806.191573	119.790871	0.035936	3.333466	164
2807.243522	117.876045	0.035934	3.280373	165
2808.275272	119.329018	0.035936	3.320571	166
2809.327380	117.160194	0.035936	3.260288	167
2810.359461	118.874580	0.035931	3.308386	168
2811.407495	118.716469	0.035935	3.303676	169
2812.441540	119.334183	0.035929	3.321346	170
2813.489634	118.829124	0.035934	3.306853	171
2814.523707	119.805130	0.035935	3.333986	172
2815.573760	117.478584	0.035938	3.268947	173
2816.605784	120.151283	0.035932	3.343825	174
2817.657773	116.100693	0.035937	3.230690	175
2818.688363	118.816261	0.035931	3.306832	176
2819.734408	119.198753	0.035934	3.317155	177
2820.770979	120.424690	0.035936	3.351084	178
2821.819054	117.659569	0.035934	3.274302	179
2822.855646	119.003288	0.035933	3.311769	180
2823.897670	119.386673	0.035931	3.322656	181
2824.940225	118.000587	0.035936	3.283607	182
2825.984282	117.279991	0.035936	3.263607	183
2827.020900	119.335960	0.035931	3.321241	184
2828.062967	119.110954	0.035931	3.314960	185
2829.102986	119.429871	0.035934	3.323556	186
2830.143053	119.901718	0.035932	3.336879	187
2831.185149	119.679260	0.035929	3.331017	188
2832.227143	208.244858	0.035934	5.795149	189
2833.268075	119.531525	0.035931	3.326655	190
2834.310108	118.925690	0.035933	3.309664	191
2835.350694	119.409096	0.035934	3.323024	192
2836.391316	119.618408	0.035935	3.328739	193
2837.435359	117.996918	0.035934	3.283671	194
2838.475391	119.544891	0.035936	3.326635	195
2839.515465	119.889748	0.035934	3.336433	196
2840.555499	120.614822	0.035920	3.357853	197
2841.597577	120.074860	0.035934	3.341584	198
2842.639679	119.940453	0.035932	3.337985	199
2843.679655	120.387062	0.035935	3.350093	200
2844.722206	119.596100	0.035934	3.328255	201
2845.760819	121.071083	0.035933	3.369342	202
2846.803384	121.199394	0.035933	3.372956	203
2847.844336	120.406387	0.035937	3.350508	204
2848.884724	121.844009	0.035937	3.390507	205
2849.926473	120.531097	0.035934	3.354274	206
2850.968488	120.318512	0.035936	3.348128	207
2852.008523	121.016891	0.035937	3.367505	208
2853.050559	120.808411	0.035930	3.362292	209
2854.088879	124.217102	0.035933	3.456934	210
2855.134562	120.335236	0.035936	3.348595	211
2856.172551	121.571182	0.035933	3.383291	212
2857.216578	120.420357	0.035936	3.350986	213
2858.252568	122.560715	0.035928	3.411243	214
2859.300615	119.519859	0.035935	3.326037	215
2860.336618	121.726448	0.035934	3.387476	216
2861.380647	121.093399	0.035931	3.370138	217
2862.416693	122.567963	0.035931	3.411212	218
2863.462782	121.754021	0.035928	3.388797	219
2864.499192	122.167091	0.035933	3.399843	220
2865.546868	120.983467	0.035933	3.366872	221
2866.581869	121.939705	0.035934	3.393442	222
2867.629893	241.619034	0.035933	6.724243	223
2868.663931	121.826820	0.035932	3.390471	224
2869.711980	121.001900	0.035936	3.367129	225
2870.744808	122.831543	0.035932	3.418483	226
2871.794577	121.424225	0.035937	3.378812	227
2872.827102	122.990379	0.035930	3.423023	228
2873.879157	120.227478	0.035936	3.345597	229
2874.909637	123.935867	0.035935	3.448936	230
2875.958625	121.662231	0.035930	3.386052	231
2876.991577	122.611298	0.035933	3.412249	232
2878.039660	121.981964	0.035930	3.394944	233
2879.075612	121.960815	0.035934	3.393980	234
2880.124104	121.581390	0.035936	3.383252	235
2881.155718	123.151237	0.035937	3.426843	236
2882.205761	122.229271	0.035933	3.401632	237
2883.237789	123.373276	0.035936	3.433153	238
2884.288740	120.280594	0.035932	3.347411	239
2885.321301	122.659920	0.035935	3.413416	240
2886.369301	122.373032	0.035935	3.405441	241
2887.403842	122.673737	0.035932	3.414095	242
2888.451862	122.190201	0.035934	3.400423	243
2889.486426	122.991066	0.035932	3.422875	244
2890.534446	122.003189	0.035930	3.395542	245
2891.566495	124.221802	0.035935	3.456864	246
2892.619414	120.728600	0.035936	3.359535	247
2893.649464	123.714378	0.035935	3.442685	248
2894.700427	121.021149	0.035935	3.367760	249
2895.734408	122.199684	0.035933	3.400749	250
2896.779361	122.687904	0.035931	3.414513	251
2897.815404	122.896591	0.035934	3.420101	252
2898.861973	123.021271	0.035930	3.423911	253
2899.896250	125.073303	0.035933	3.480740	254
2900.948432	120.449432	0.035933	3.352045	255
2901.978439	125.021912	0.035931	3.479457	0
2903.026537	122.926735	0.035934	3.420947	1
2904.062600	124.611740	0.035938	3.467395	2
2905.109170	123.059227	0.035931	3.424875	3
2906.144398	124.887085	0.035932	3.475666	4
2907.192115	122.464043	0.035936	3.407850	5
2908.226180	125.036934	0.035915	3.481430	6
2909.275161	122.061531	0.035938	3.396449	7
2910.310139	124.066025	0.035931	3.452861	8
2911.354176	123.464607	0.035930	3.436293	9
2912.392268	123.991241	0.035929	3.451035	10
2913.436342	123.171898	0.035930	3.428099	11
2914.474737	124.234795	0.035936	3.457097	12
2915.518407	123.321022	0.035931	3.432132	13
2916.561017	122.153236	0.035935	3.399296	14
2917.601634	122.648499	0.035932	3.413395	15
2918.639698	124.560005	0.035932	3.466539	16
2919.681772	123.834648	0.035933	3.446291	17
2920.723802	123.893784	0.035936	3.447607	18
2921.763853	124.180084	0.035932	3.456003	19
2922.806801	123.039986	0.035933	3.424103	20
2923.847365	123.085594	0.035934	3.425313	21
2924.887424	124.663185	0.035931	3.469468	22
2925.931450	124.467682	0.035933	3.463925	23
2926.971994	123.378296	0.035933	3.433534	24
2928.012548	122.783829	0.035930	3.417296	25
2929.052561	124.275063	0.035930	3.458820	26
2930.094604	123.117126	0.035930	3.426552	27
2931.134706	124.460594	0.035930	3.463933	28
2932.176711	123.360756	0.035931	3.433260	29
2933.216747	124.645653	0.035935	3.468675	30
2934.259747	123.076057	0.035937	3.424751	31
2935.300340	123.990921	0.035932	3.450675	32
2937.378904	125.846886	0.035927	3.502828	34
2938.423213	124.146057	0.035933	3.454960	35
2939.462956	124.692795	0.035933	3.470187	36
2940.503520	125.242172	0.035934	3.485383	37
2941.545477	124.662422	0.035932	3.469428	38
2942.587532	124.267601	0.035930	3.458604	39
2943.627635	125.087975	0.035935	3.480999	40
2944.670228	124.169571	0.035927	3.456187	41
2945.710261	124.645401	0.035932	3.468966	42
2946.754321	123.417709	0.035935	3.434510	43
2947.790395	126.317184	0.035933	3.515384	44
2948.836416	122.867271	0.035930	3.419584	45
2949.873371	125.891243	0.035935	3.503262	46
2950.919960	122.851013	0.035937	3.418512	47
2951.954317	126.572105	0.035933	3.522439	48
2953.000044	123.877289	0.035932	3.447519	49
2954.038069	125.550949	0.035938	3.493563	50
2955.082985	123.692665	0.035935	3.442147	51
2956.119045	126.154572	0.035936	3.510576	52
2957.172695	119.896248	0.035934	3.336569	53
2958.200673	126.513275	0.035930	3.521151	54
2959.249309	123.534271	0.035932	3.438004	55
