crossing time (s)	slope (V/s)	crossing number
281474976710655.000000	10.212502	6808	0.000000
281474976710655.000000	10.901823	6809	0.000000
281474976710655.000000	11.152156	6810	0.000000
281474976710655.000000	10.424153	6811	0.000000
281474976710655.000000	12.255740	6812	0.000000
281474976710655.000000	10.427768	6813	0.000000
281474976710655.000000	11.351687	6814	0.000000
281474976710655.000000	11.411917	6815	0.000000
281474976710655.000000	10.653732	6816	0.000000
281474976710655.000000	11.591957	6817	0.000000
281474976710655.000000	10.278046	6818	0.000000
281474976710655.000000	10.533356	6819	0.000000
281474976710655.000000	10.682218	6820	0.000000
281474976710655.000000	10.218487	6821	0.000000
281474976710655.000000	11.158475	6822	0.000000
281474976710655.000000	9.859873	6823	0.000000
281474976710655.000000	11.557411	6824	0.000000
281474976710655.000000	10.519434	6825	0.000000
281474976710655.000000	11.006766	6826	0.000000
281474976710655.000000	11.403892	6827	0.000000
281474976710655.000000	10.479373	6828	0.000000
281474976710655.000000	11.199281	6829	0.000000
281474976710655.000000	10.779885	6830	0.000000
281474976710655.000000	10.850408	6831	0.000000
281474976710655.000000	10.371772	6832	0.000000
281474976710655.000000	10.895212	6833	0.000000
281474976710655.000000	11.061493	6834	0.000000
281474976710655.000000	10.329178	6835	0.000000
281474976710655.000000	11.594937	6836	0.000000
281474976710655.000000	9.922692	6837	0.000000
281474976710655.000000	11.612637	6838	0.000000
281474976710655.000000	9.570127	6839	0.000000
281474976710655.000000	11.397052	6840	0.000000
281474976710655.000000	9.975252	6841	0.000000
281474976710655.000000	11.854226	6842	0.000000
281474976710655.000000	9.650368	6843	0.000000
281474976710655.000000	11.808112	6844	0.000000
281474976710655.000000	9.441066	6845	0.000000
281474976710655.000000	11.945809	6846	7710673920.000000
281474976710655.000000	9.873478	6847	7711733760.000000
281474976710655.000000	11.623672	6848	7712749568.000000
281474976710655.000000	10.000454	6849	7713827328.000000
281474976710655.000000	10.839128	6850	7714830848.000000
281474976710655.000000	10.742217	6851	7715912192.000000
281474976710655.000000	11.120111	6852	7716913152.000000
281474976710655.000000	10.769567	6853	7717993984.000000
281474976710655.000000	9.784182	6854	7719008256.000000
281474976710655.000000	11.641498	6855	7720065536.000000
281474976710655.000000	10.295880	6856	7721108480.000000
281474976710655.000000	11.479162	6857	7722135040.000000
281474976710655.000000	10.426654	6858	7723205120.000000
281474976710655.000000	10.702141	6859	7724214272.000000
281474976710655.000000	11.656148	6860	7725286400.000000
281474976710655.000000	9.695817	6861	7726307328.000000
281474976710655.000000	11.562905	6862	7727354368.000000
281474976710655.000000	10.234720	6863	7728414208.000000
281474976710655.000000	11.899321	6864	7729423360.000000
281474976710655.000000	10.426206	6865	7730506240.000000
281474976710655.000000	10.164848	6866	7731507712.000000
281474976710655.000000	11.846354	6867	7732581376.000000
281474976710655.000000	10.488466	6868	7733609472.000000
281474976710655.000000	11.426350	6869	7734648320.000000
281474976710655.000000	10.389879	6870	7735708672.000000
281474976710655.000000	11.394197	6871	7736722432.000000
281474976710655.000000	10.796453	6872	7737796608.000000
281474976710655.000000	10.558941	6873	7738806784.000000
281474976710655.000000	11.565981	6874	7739878400.000000
281474976710655.000000	10.092730	6875	7740902912.000000
281474976710655.000000	12.036987	6876	7741948416.000000
281474976710655.000000	9.903876	6877	7742999040.000000
281474976710655.000000	11.687676	6878	7744025088.000000
281474976710655.000000	10.038210	6879	7745090560.000000
281474976710655.000000	11.503126	6880	7746103808.000000
281474976710655.000000	10.342799	6881	7747179520.000000
281474976710655.000000	11.509221	6882	7748184576.000000
281474976710655.000000	10.422209	6883	7749264896.000000
281474976710655.000000	11.511100	6884	7750270976.000000
281474976710655.000000	10.237269	6885	7751348224.000000
281474976710655.000000	11.614279	6886	7752355840.000000
281474976710655.000000	10.286700	6887	7753430016.000000
281474976710655.000000	11.583665	6888	7754445824.000000
281474976710655.000000	10.311656	6889	7755508736.000000
281474976710655.000000	12.167020	6890	7756540928.000000
281474976710655.000000	10.174331	6891	7757581824.000000
281474976710655.000000	11.746552	6892	7758636032.000000
281474976710655.000000	11.133964	6893	7759656960.000000
281474976710655.000000	11.578424	6894	7760727552.000000
281474976710655.000000	10.913839	6895	7761736704.000000
281474976710655.000000	11.017650	6896	7762810880.000000
281474976710655.000000	11.518334	6897	7763829248.000000
281474976710655.000000	10.763269	6898	7764883456.000000
281474976710655.000000	11.812523	6899	7765924864.000000
281474976710655.000000	10.786530	6900	7766957568.000000
281474976710655.000000	11.294728	6901	7768022016.000000
281474976710655.000000	11.418648	6902	7769031680.000000
281474976710655.000000	10.811934	6903	7770112512.000000
281474976710655.000000	11.551985	6904	7771117056.000000
281474976710655.000000	10.799622	6905	7772189184.000000
281474976710655.000000	11.758658	6906	7773213184.000000
281474976710655.000000	10.602641	6907	7774260224.000000
281474976710655.000000	11.810725	6908	7775313408.000000
281474976710655.000000	11.154407	6909	7776331264.000000
281474976710655.000000	11.534348	6910	7777405952.000000
281474976710655.000000	11.126333	6911	7778416128.000000
281474976710655.000000	11.265178	6912	7779485696.000000
281474976710655.000000	11.625300	6913	7780504576.000000
281474976710655.000000	10.848034	6914	7781566464.000000
281474976710655.000000	12.099122	6915	7782596096.000000
281474976710655.000000	10.785541	6916	7783644672.000000
281474976710655.000000	11.786612	6917	7784686592.000000
281474976710655.000000	11.114387	6918	7785723904.000000
281474976710655.000000	11.769115	6919	7786772992.000000
281474976710655.000000	10.654578	6920	7787806720.000000
281474976710655.000000	12.309460	6921	7788860416.000000
281474976710655.000000	11.097551	6922	0.000000
281474976710655.000000	11.869362	6923	0.000000
281474976710655.000000	11.115041	6924	0.000000
281474976710655.000000	12.177043	6925	0.000000
281474976710655.000000	10.903271	6926	0.000000
281474976710655.000000	11.942466	6927	0.000000
281474976710655.000000	10.866977	6928	0.000000
281474976710655.000000	11.611175	6929	0.000000
281474976710655.000000	11.203895	6930	0.000000
281474976710655.000000	11.950310	6931	0.000000
281474976710655.000000	11.479895	6932	0.000000
281474976710655.000000	11.447860	6933	0.000000
281474976710655.000000	11.799215	6934	0.000000
281474976710655.000000	10.688620	6935	0.000000
281474976710655.000000	11.983123	6936	0.000000
281474976710655.000000	10.468657	6937	0.000000
281474976710655.000000	12.063041	6938	0.000000
281474976710655.000000	10.359736	6939	0.000000
281474976710655.000000	11.664806	6940	0.000000
281474976710655.000000	11.060635	6941	0.000000
281474976710655.000000	11.091738	6942	0.000000
281474976710655.000000	11.819899	6943	0.000000
281474976710655.000000	10.866750	6944	0.000000
281474976710655.000000	11.739226	6945	0.000000
281474976710655.000000	10.504079	6946	0.000000
281474976710655.000000	12.024948	6947	0.000000
