crossing time (s)	slope (V/s)	crossing number
281474976710655.000000	5.463866	672	0.000000
281474976710655.000000	5.601528	673	0.000000
281474976710655.000000	5.379139	674	1090030976.000000
281474976710655.000000	5.725187	675	1091087872.000000
281474976710655.000000	5.345942	676	1092115328.000000
281474976710655.000000	5.822534	677	1093170688.000000
281474976710655.000000	5.293545	678	1094200320.000000
281474976710655.000000	5.750309	679	1095252736.000000
281474976710655.000000	5.269649	680	1096287616.000000
281474976710655.000000	5.866276	681	1097331456.000000
281474976710655.000000	5.396038	682	1098375680.000000
281474976710655.000000	5.866963	683	1099410304.000000
281474976710655.000000	5.381749	684	1100467840.000000
281474976710655.000000	5.866124	685	1101491200.000000
281474976710655.000000	5.593721	686	1102553472.000000
281474976710655.000000	5.661386	687	1103571712.000000
281474976710655.000000	5.667386	688	1104635520.000000
281474976710655.000000	5.508198	689	1105660800.000000
281474976710655.000000	5.928289	690	1106713472.000000
281474976710655.000000	5.495447	691	1107753216.000000
281474976710655.000000	5.958936	692	1108791040.000000
281474976710655.000000	5.629358	693	1109845376.000000
281474976710655.000000	5.846699	694	1110870656.000000
281474976710655.000000	5.767930	695	1111930880.000000
281474976710655.000000	5.547350	696	1112953472.000000
281474976710655.000000	5.939838	697	1114010368.000000
281474976710655.000000	5.477836	698	1115043456.000000
281474976710655.000000	5.995004	699	1116088320.000000
281474976710655.000000	5.605369	700	1117134592.000000
281474976710655.000000	5.930514	701	1118167040.000000
281474976710655.000000	5.720219	702	1119225344.000000
281474976710655.000000	5.998173	703	1120246528.000000
281474976710655.000000	5.648736	704	1121310464.000000
281474976710655.000000	5.824225	705	1122331008.000000
281474976710655.000000	5.901013	706	1123394048.000000
281474976710655.000000	5.824543	707	1124414336.000000
281474976710655.000000	5.910264	708	1125476992.000000
281474976710655.000000	5.784647	709	1126498176.000000
281474976710655.000000	5.941651	710	1127559936.000000
281474976710655.000000	5.790197	711	1128585344.000000
281474976710655.000000	5.909848	712	1129645312.000000
281474976710655.000000	5.861465	713	1130668800.000000
281474976710655.000000	5.905772	714	1131729920.000000
281474976710655.000000	5.840527	715	1132751232.000000
281474976710655.000000	5.998671	716	1133813376.000000
281474976710655.000000	5.956987	717	1134834688.000000
281474976710655.000000	5.909103	718	1135897856.000000
281474976710655.000000	6.020522	719	1136919680.000000
281474976710655.000000	5.885254	720	1137981824.000000
281474976710655.000000	6.060793	721	1139006720.000000
281474976710655.000000	5.831783	722	1140060544.000000
281474976710655.000000	6.053561	723	1141096576.000000
281474976710655.000000	5.709047	724	1142139648.000000
281474976710655.000000	6.065182	725	1143185024.000000
281474976710655.000000	5.805467	726	1144217984.000000
281474976710655.000000	6.122027	727	1145275648.000000
281474976710655.000000	5.964015	728	1146300416.000000
281474976710655.000000	6.024788	729	1147358848.000000
281474976710655.000000	5.979357	730	1148387456.000000
281474976710655.000000	6.006176	731	1149440640.000000
281474976710655.000000	6.056314	732	1150475008.000000
281474976710655.000000	5.942744	733	1151519104.000000
281474976710655.000000	6.170331	734	1152564992.000000
281474976710655.000000	6.011279	735	1153595648.000000
281474976710655.000000	6.082852	736	1154653312.000000
281474976710655.000000	6.039933	737	1155676544.000000
281474976710655.000000	6.027199	738	1156738560.000000
281474976710655.000000	6.117708	739	1157760896.000000
281474976710655.000000	6.057629	740	1158824960.000000
281474976710655.000000	6.140938	741	1159846400.000000
281474976710655.000000	6.004371	742	1160905984.000000
281474976710655.000000	6.224719	743	1161932416.000000
281474976710655.000000	5.977962	744	1162988544.000000
281474976710655.000000	6.224428	745	1164016768.000000
281474976710655.000000	5.927035	746	1165069824.000000
281474976710655.000000	6.251670	747	1166103936.000000
281474976710655.000000	6.089025	748	1167153664.000000
281474976710655.000000	6.261947	749	1168185728.000000
281474976710655.000000	6.104133	750	1169238144.000000
281474976710655.000000	6.274931	751	1170271488.000000
281474976710655.000000	6.116293	752	1171321472.000000
281474976710655.000000	6.295477	753	1172355072.000000
281474976710655.000000	6.061811	754	1173408256.000000
281474976710655.000000	6.294936	755	1174437504.000000
281474976710655.000000	6.124557	756	1175493760.000000
281474976710655.000000	6.289889	757	1176519552.000000
281474976710655.000000	6.103561	758	1177579648.000000
281474976710655.000000	6.253646	759	1178603136.000000
281474976710655.000000	6.216911	760	1179663616.000000
281474976710655.000000	6.205330	761	1180686592.000000
281474976710655.000000	6.280186	762	1181746048.000000
281474976710655.000000	6.105195	763	1182773888.000000
281474976710655.000000	6.310945	764	1183826176.000000
281474976710655.000000	6.135005	765	1184861952.000000
281474976710655.000000	6.293296	766	1185906432.000000
281474976710655.000000	6.101713	767	1186952448.000000
281474976710655.000000	6.383313	768	1187985280.000000
281474976710655.000000	6.192922	769	1189040896.000000
281474976710655.000000	6.355939	770	1190065152.000000
281474976710655.000000	6.232259	771	1191126016.000000
281474976710655.000000	6.124687	772	1192148992.000000
281474976710655.000000	6.327170	773	1193208320.000000
281474976710655.000000	6.111479	774	1194235904.000000
281474976710655.000000	6.380970	775	1195289088.000000
281474976710655.000000	6.109153	776	1196324864.000000
281474976710655.000000	6.413758	777	1197368704.000000
281474976710655.000000	6.072859	778	1198412928.000000
281474976710655.000000	6.394629	779	1199448576.000000
281474976710655.000000	6.181910	780	1200502656.000000
281474976710655.000000	6.350422	781	1201530240.000000
281474976710655.000000	6.149105	782	1202587648.000000
281474976710655.000000	6.397233	783	1203612672.000000
281474976710655.000000	6.222961	784	1204672640.000000
281474976710655.000000	6.425437	785	1205695872.000000
281474976710655.000000	6.322791	786	1206756864.000000
281474976710655.000000	6.363997	787	1207778560.000000
281474976710655.000000	6.283543	788	1208841856.000000
281474976710655.000000	6.460416	789	1209864192.000000
281474976710655.000000	6.223791	790	1210926080.000000
281474976710655.000000	6.462159	791	1211948160.000000
281474976710655.000000	6.295536	792	1213009024.000000
281474976710655.000000	6.408479	793	1214034304.000000
281474976710655.000000	6.217750	794	1215089792.000000
281474976710655.000000	6.432419	795	1216121216.000000
281474976710655.000000	6.265089	796	1217170048.000000
281474976710655.000000	6.434096	797	1218209792.000000
281474976710655.000000	6.301073	798	1219251328.000000
281474976710655.000000	6.459854	799	1220298624.000000
281474976710655.000000	6.360624	800	1221330176.000000
281474976710655.000000	6.400839	801	1222384000.000000
281474976710655.000000	6.407805	802	1223412224.000000
281474976710655.000000	6.403686	803	1224469632.000000
281474976710655.000000	6.431592	804	1225496320.000000
281474976710655.000000	6.443184	805	1226554496.000000
281474976710655.000000	6.487256	806	1227581312.000000
281474976710655.000000	6.416577	807	1228635264.000000
281474976710655.000000	6.445331	808	1229669120.000000
281474976710655.000000	6.420422	809	1230714880.000000
281474976710655.000000	6.504152	810	1231757568.000000
281474976710655.000000	6.337008	811	1232795264.000000
281474976710655.000000	6.506669	812	1233844608.000000
281474976710655.000000	6.368185	813	1234877568.000000
281474976710655.000000	6.491426	814	1235932288.000000
281474976710655.000000	6.423176	815	1236957184.000000
281474976710655.000000	6.501881	816	1238018048.000000
281474976710655.000000	6.452028	817	1239041408.000000
281474976710655.000000	6.470583	818	1240102528.000000
281474976710655.000000	6.482725	819	1241123328.000000
281474976710655.000000	6.492922	820	1242187136.000000
281474976710655.000000	6.503294	821	1243208704.000000
281474976710655.000000	6.457208	822	1244270592.000000
281474976710655.000000	6.551163	823	1245292672.000000
281474976710655.000000	6.469490	824	1246356096.000000
281474976710655.000000	6.510100	825	1247376128.000000
281474976710655.000000	6.595133	826	1248440192.000000
281474976710655.000000	6.554300	827	1249462016.000000
281474976710655.000000	6.495889	828	1250523392.000000
281474976710655.000000	6.572924	829	1251545728.000000
281474976710655.000000	6.594237	830	1252608000.000000
281474976710655.000000	6.589998	831	1253629184.000000
281474976710655.000000	6.522603	832	1254690560.000000
281474976710655.000000	6.541587	833	1255713664.000000
281474976710655.000000	6.574310	834	1256774144.000000
281474976710655.000000	6.495878	835	1257799552.000000
281474976710655.000000	6.638564	836	1258855808.000000
281474976710655.000000	6.491101	837	1259886336.000000
281474976710655.000000	6.568344	838	1260938240.000000
281474976710655.000000	6.451643	839	1261974272.000000
281474976710655.000000	6.592317	840	1263016704.000000
281474976710655.000000	6.432121	841	1264061184.000000
281474976710655.000000	6.699213	842	1265098112.000000
281474976710655.000000	6.494300	843	1266150144.000000
281474976710655.000000	6.693503	844	1267180032.000000
281474976710655.000000	6.557714	845	1268237056.000000
281474976710655.000000	6.629179	846	1269262080.000000
281474976710655.000000	6.596646	847	1270320384.000000
281474976710655.000000	6.585714	848	1271345280.000000
281474976710655.000000	6.652398	849	1272404224.000000
281474976710655.000000	6.582479	850	1273430656.000000
281474976710655.000000	6.651158	851	1274484352.000000
281474976710655.000000	6.462039	852	1275518848.000000
281474976710655.000000	6.640199	853	1276565632.000000
281474976710655.000000	6.533732	854	1277607936.000000
281474976710655.000000	6.719363	855	1278646912.000000
281474976710655.000000	6.508024	856	1279693952.000000
281474976710655.000000	6.771798	857	1280728192.000000
281474976710655.000000	6.551052	858	1281781248.000000
281474976710655.000000	6.731227	859	1282809344.000000
281474976710655.000000	6.624955	860	1283866752.000000
281474976710655.000000	6.656736	861	1284893184.000000
281474976710655.000000	6.675723	862	1285949952.000000
281474976710655.000000	6.753354	863	1286977664.000000
281474976710655.000000	6.697981	864	1288035200.000000
281474976710655.000000	6.707795	865	1289061888.000000
281474976710655.000000	6.621020	866	1290116992.000000
281474976710655.000000	6.772254	867	1291146240.000000
281474976710655.000000	6.617249	868	1292200704.000000
281474976710655.000000	6.670489	869	1293232768.000000
281474976710655.000000	6.595243	870	1294283136.000000
281474976710655.000000	6.766749	871	1295320576.000000
281474976710655.000000	6.563138	872	1296363392.000000
281474976710655.000000	6.681922	873	1297407616.000000
281474976710655.000000	6.646514	874	1298443136.000000
281474976710655.000000	6.674366	875	1299495424.000000
281474976710655.000000	6.676043	876	1300525312.000000
281474976710655.000000	6.723884	877	1301581056.000000
281474976710655.000000	6.642056	878	1302607360.000000
281474976710655.000000	6.681415	879	1303666304.000000
281474976710655.000000	6.782078	880	1304690688.000000
281474976710655.000000	6.749260	881	1305749376.000000
281474976710655.000000	6.757081	882	1306776448.000000
281474976710655.000000	6.699675	883	1307832192.000000
281474976710655.000000	6.742112	884	1308862336.000000
281474976710655.000000	6.673603	885	1309913344.000000
281474976710655.000000	6.785053	886	1310950912.000000
281474976710655.000000	6.652718	887	1311992832.000000
281474976710655.000000	6.751557	888	1313038336.000000
281474976710655.000000	6.631558	889	1314076160.000000
281474976710655.000000	6.746522	890	1315124864.000000
281474976710655.000000	6.703565	891	1316158464.000000
281474976710655.000000	6.712025	892	1317209984.000000
281474976710655.000000	6.677469	893	1318241408.000000
281474976710655.000000	6.766719	894	1319295360.000000
281474976710655.000000	6.730494	895	1320324608.000000
281474976710655.000000	6.772137	896	1321380096.000000
281474976710655.000000	6.680085	897	1322408320.000000
281474976710655.000000	6.759647	898	1323463552.000000
281474976710655.000000	6.740517	899	1324492160.000000
281474976710655.000000	6.753853	900	1325547136.000000
281474976710655.000000	6.721602	901	1326575232.000000
281474976710655.000000	6.759395	902	1327632256.000000
281474976710655.000000	6.714181	903	1328660992.000000
281474976710655.000000	6.797843	904	1329713536.000000
281474976710655.000000	6.696358	905	1330744704.000000
281474976710655.000000	6.799154	906	1331797504.000000
281474976710655.000000	6.719441	907	1332830080.000000
281474976710655.000000	6.834681	908	1333880576.000000
281474976710655.000000	6.718149	909	1334916480.000000
281474976710655.000000	6.810727	910	1335963136.000000
281474976710655.000000	6.813833	911	1337003776.000000
281474976710655.000000	6.777701	912	1338044288.000000
281474976710655.000000	6.735473	913	1339090304.000000
281474976710655.000000	6.870491	914	1340124672.000000
281474976710655.000000	6.797799	915	1341176832.000000
281474976710655.000000	6.846109	916	1342206336.000000
281474976710655.000000	6.775779	917	1343262848.000000
281474976710655.000000	6.870620	918	1344289408.000000
281474976710655.000000	6.822448	919	1345348736.000000
281474976710655.000000	6.928730	920	1346373760.000000
281474976710655.000000	6.909065	921	1347432448.000000
281474976710655.000000	6.823514	922	1348458880.000000
281474976710655.000000	6.821099	923	1349515264.000000
281474976710655.000000	6.780046	924	1350545408.000000
281474976710655.000000	6.832582	925	1351596160.000000
281474976710655.000000	6.753860	926	1352632064.000000
281474976710655.000000	6.878810	927	1353678720.000000
281474976710655.000000	6.748012	928	1354717440.000000
281474976710655.000000	6.840984	929	1355759104.000000
281474976710655.000000	6.790216	930	1356804736.000000
281474976710655.000000	6.909590	931	1357841280.000000
281474976710655.000000	6.739206	932	1358891776.000000
281474976710655.000000	6.862826	933	1359924352.000000
281474976710655.000000	6.821439	934	1360976256.000000
281474976710655.000000	6.872340	935	1362007552.000000
281474976710655.000000	6.801619	936	1363060352.000000
281474976710655.000000	6.869357	937	1364092928.000000
281474976710655.000000	6.829672	938	1365144576.000000
281474976710655.000000	6.848093	939	1366176640.000000
281474976710655.000000	6.876492	940	1367226880.000000
281474976710655.000000	6.859076	941	1368262528.000000
281474976710655.000000	6.806590	942	1369309440.000000
281474976710655.000000	6.857423	943	1370349056.000000
281474976710655.000000	6.847214	944	1371392000.000000
281474976710655.000000	6.852485	945	1372436480.000000
281474976710655.000000	6.880003	946	1373472512.000000
281474976710655.000000	6.918109	947	1374521216.000000
281474976710655.000000	6.833665	948	1375555328.000000
281474976710655.000000	6.890503	949	1376609152.000000
281474976710655.000000	6.911665	950	1377636608.000000
281474976710655.000000	6.932026	951	1378693888.000000
281474976710655.000000	6.938621	952	1379720064.000000
281474976710655.000000	6.907465	953	1380778624.000000
281474976710655.000000	6.907413	954	1381803264.000000
281474976710655.000000	6.908651	955	1382862080.000000
281474976710655.000000	6.910009	956	1383888384.000000
281474976710655.000000	6.947049	957	1384944896.000000
281474976710655.000000	6.947733	958	1385974016.000000
281474976710655.000000	6.941857	959	1387026048.000000
281474976710655.000000	6.913439	960	1388060672.000000
281474976710655.000000	7.027978	961	1389110144.000000
281474976710655.000000	6.948632	962	1390145152.000000
281474976710655.000000	6.910233	963	1391191424.000000
