time (s)	energy (uJ)	charge (mC)	voltage (mV)	crossing#mod 255
7410.763854	22.422380	0.035934	0.623993	142
7411.529350	90.812325	0.035938	2.526920	143
7412.835154	26.708780	0.035938	0.743187	144
7413.877209	25.583229	0.035938	0.711866	145
7414.929618	21.526052	0.035939	0.598956	146
7415.956974	21.084858	0.035937	0.586720	147
7417.007564	22.591990	0.035935	0.628698	148
7418.036331	22.518152	0.035934	0.626658	149
7419.099283	23.758179	0.035934	0.661165	150
7420.123315	22.505627	0.035933	0.626315	151
7421.180636	21.750114	0.035935	0.605271	152
7422.208138	21.685652	0.035937	0.603434	153
7423.259646	25.690718	0.035939	0.714842	154
7424.283382	24.326143	0.035938	0.676894	155
7425.343068	24.699392	0.035938	0.687278	156
7426.371079	22.262463	0.035934	0.619542	157
7427.425747	22.690418	0.035934	0.631439	158
7428.454924	21.630997	0.035933	0.601978	159
7429.512420	24.227404	0.035935	0.674207	160
7430.538317	23.024279	0.035934	0.640740	161
7431.595029	23.896675	0.035936	0.664985	162
7432.623033	22.972412	0.035938	0.639227	163
7433.679407	21.860903	0.035937	0.608319	164
7434.707926	21.749495	0.035933	0.605272	165
7435.749762	24.380846	0.035935	0.678475	166
7436.792599	21.914955	0.035936	0.609837	167
7437.837040	24.690565	0.035934	0.687106	168
7438.873133	23.068575	0.035935	0.641948	169
7439.925132	22.196201	0.035936	0.617667	170
7440.959289	20.193979	0.035935	0.561958	171
7441.997870	24.814348	0.035934	0.690556	172
7443.030697	23.831091	0.035937	0.663144	173
7444.087863	23.953979	0.035935	0.666591	174
281474976.710655	NaN	0.035937	NaN	175
281474976.710655	NaN	0.035937	NaN	176
7447.196938	23.777418	0.035934	0.661695	177
7448.251441	23.808208	0.035936	0.662511	178
7449.283202	22.789026	0.035933	0.634201	179
7450.333989	24.896849	0.035937	0.692792	180
7451.364409	23.225616	0.035936	0.646313	181
7452.419497	24.942320	0.035937	0.694050	182
7453.451406	23.114788	0.035937	0.643195	183
7454.507515	23.126787	0.035933	0.643606	184
7455.539440	21.189913	0.035937	0.589647	185
7456.586367	23.704639	0.035937	0.659619	186
7457.642273	19.695129	0.035933	0.548101	187
7458.666249	24.647821	0.035934	0.685924	188
7459.690433	23.816755	0.035937	0.662735	189
7460.749258	23.911100	0.035934	0.665415	190
7461.772922	24.805882	0.035937	0.690264	191
7462.834956	23.729404	0.035937	0.660299	192
7463.867795	23.223049	0.035939	0.646188	193
7464.915233	24.015144	0.035935	0.668295	194
7465.947168	23.204872	0.035934	0.645761	195
7466.997417	23.151089	0.035936	0.644228	196
7468.030488	23.899765	0.035933	0.665112	197
7469.076768	24.580858	0.035936	0.684024	198
7470.119096	23.619566	0.035934	0.657310	199
7471.151250	25.517567	0.035934	0.710117	200
7472.202748	22.865728	0.035933	0.636343	201
7473.242342	24.071917	0.035936	0.669861	202
7474.286129	22.588362	0.035935	0.628593	203
7475.321541	24.399603	0.035935	0.678988	204
7476.361708	24.228903	0.035937	0.674196	205
7477.412522	23.352491	0.035938	0.649797	206
7478.448899	22.914068	0.035933	0.637682	207
7479.494577	24.183046	0.035935	0.672972	208
7480.530720	23.008944	0.035939	0.640220	209
7481.568858	25.454092	0.035933	0.708377	210
7482.611725	22.897947	0.035933	0.637238	211
7483.653516	24.898794	0.035934	0.692894	212
7484.691897	23.904333	0.035933	0.665240	213
7485.744528	23.368422	0.035935	0.650290	214
7486.776233	24.096621	0.035936	0.670542	215
7487.820658	24.986401	0.035938	0.695272	216
7488.859577	23.859329	0.035934	0.663983	217
7489.903749	24.552048	0.035935	0.683230	218
7490.943605	24.371090	0.035934	0.678209	219
7491.987681	24.415808	0.035934	0.679464	220
7493.025868	24.112003	0.035936	0.670964	221
7494.070307	24.208748	0.035933	0.673713	222
7495.106633	24.473093	0.035932	0.681090	223
7496.152950	24.175940	0.035933	0.672799	224
7497.192307	23.981209	0.035936	0.667326	225
7498.238823	24.542145	0.035933	0.682991	226
7499.270267	24.308390	0.035933	0.676492	227
7500.328975	23.109375	0.035936	0.643073	228
7501.351788	23.516674	0.035932	0.654475	229
7502.412249	23.596420	0.035934	0.656663	230
7503.437161	23.447891	0.035940	0.652416	231
7504.498160	23.094687	0.035934	0.642692	232
7505.516081	22.820312	0.035934	0.635069	233
7506.584418	23.126709	0.035932	0.643626	234
7507.596023	23.929495	0.035934	0.665937	235
7508.655187	25.432400	0.035938	0.707678	236
7509.681841	24.115492	0.035934	0.671103	237
7510.738501	25.325460	0.035933	0.704788	238
7511.772444	22.767353	0.035937	0.633541	239
7512.824017	23.699816	0.035936	0.659503	240
7513.850327	23.364029	0.035934	0.650194	241
7514.900774	26.418545	0.035939	0.735099	242
7515.932438	23.730738	0.035937	0.660346	243
7516.994343	23.826889	0.035937	0.663026	244
7518.014859	23.891558	0.035935	0.664848	245
7519.067401	24.742172	0.035933	0.688559	246
7520.099002	24.016275	0.035936	0.668304	247
7521.155052	24.353088	0.035936	0.677684	248
7522.186681	23.288647	0.035939	0.648012	249
7523.237640	24.781652	0.035935	0.689623	250
7524.269989	22.684734	0.035934	0.631287	251
7525.310645	26.131142	0.035936	0.727148	252
7526.346410	23.961266	0.035933	0.666823	253
7527.414515	22.934641	0.035937	0.638199	254
7528.450377	21.449972	0.035933	0.596946	255
7529.481315	25.656961	0.035933	0.714017	0
7530.509523	24.157125	0.035935	0.672242	1
7531.564432	24.498312	0.035935	0.681746	2
7532.596955	23.582487	0.035934	0.656274	3
7533.648100	25.467768	0.035937	0.708678	4
7534.681222	23.371515	0.035934	0.650409	5
7535.735235	25.030775	0.035934	0.696576	6
7536.761134	265.036041	0.035938	7.374804	7
7537.813865	25.259027	0.035934	0.702936	8
7538.846880	23.238014	0.035934	0.646677	9
7539.901709	24.797688	0.035935	0.690063	10
7540.961585	17.315619	0.035938	0.481820	11
7541.979890	25.364967	0.035936	0.705843	12
7543.004981	24.318329	0.035936	0.676715	13
7544.082568	22.573956	0.035935	0.628196	14
7545.093865	23.479952	0.035935	0.653404	15
7546.151465	24.182417	0.035934	0.672969	16
7547.173115	24.369406	0.035935	0.678158	17
7548.230249	25.007816	0.035939	0.695833	18
7549.261296	23.884218	0.035934	0.664670	19
7550.313551	24.317867	0.035937	0.676681	20
7551.344288	24.603960	0.035936	0.684652	21
7552.391803	24.932318	0.035934	0.693833	22
7553.433607	23.401567	0.035933	0.651247	23
7554.474122	24.904213	0.035938	0.692969	24
7555.509182	24.609859	0.035938	0.684789	25
7556.553131	25.216066	0.035937	0.701674	26
7557.593280	24.495180	0.035936	0.681638	27
7558.636236	24.857431	0.035934	0.691746	28
7559.680002	23.721382	0.035935	0.660126	29
7560.718940	25.279991	0.035937	0.703461	30
7561.763901	23.782740	0.035936	0.661802	31
7562.809921	24.094046	0.035939	0.670418	32
7563.844435	24.422644	0.035934	0.679652	33
7564.890996	23.988859	0.035936	0.667544	34
7565.923282	24.369490	0.035934	0.678180	35
7566.966324	25.679989	0.035936	0.714612	36
7568.007209	24.335932	0.035934	0.677236	37
7569.045961	25.787706	0.035938	0.717552	38
7570.089871	24.500050	0.035934	0.681809	39
7571.132284	25.521929	0.035938	0.710157	40
7572.169678	25.134735	0.035934	0.699469	41
7573.214805	25.564590	0.035934	0.711431	42
7574.255007	24.890232	0.035934	0.692657	43
7575.297984	25.485876	0.035933	0.709267	44
7576.336687	25.320559	0.035935	0.704626	45
7577.354836	32.956863	0.035935	0.917117	46
7578.425442	22.793726	0.035936	0.634287	47
7579.469993	150.896530	0.035934	4.199228	48
7580.503367	25.226597	0.035935	0.702002	49
7581.554278	24.387978	0.035934	0.678696	50
7582.585323	25.101219	0.035936	0.698491	51
7583.633104	24.555550	0.035934	0.683342	52
7584.670191	24.779627	0.035936	0.689551	53
7585.720952	23.741312	0.035934	0.660684	54
7586.748594	25.084248	0.035934	0.698072	55
7587.798726	25.311737	0.035938	0.704323	56
7588.828279	25.364111	0.035937	0.705803	57
7589.889219	24.345686	0.035933	0.677538	58
7590.909489	24.922546	0.035933	0.693580	59
7591.977400	23.733906	0.035933	0.660505	60
7592.997364	24.314737	0.035933	0.676670	61
7594.053229	24.852976	0.035933	0.691656	62
7595.076694	24.734444	0.035938	0.688251	63
7596.133142	25.511419	0.035934	0.709947	64
7597.162548	23.968699	0.035934	0.667027	65
7598.214993	25.786480	0.035936	0.717568	66
7599.246675	24.136143	0.035933	0.671691	67
7600.229505	52.392220	0.035938	1.457862	68
7601.329644	23.879585	0.035934	0.664540	69
7602.381362	26.094162	0.035937	0.726106	70
7603.407698	24.874783	0.035935	0.692222	71
7604.463738	25.150368	0.035934	0.699909	72
7605.491217	24.407290	0.035936	0.679193	73
7606.545600	26.097303	0.035936	0.726219	74
7607.577329	23.786694	0.035937	0.661893	75
7608.633463	25.230919	0.035935	0.702128	76
7609.656412	24.801317	0.035933	0.690211	77
7610.709314	26.231676	0.035935	0.729982	78
7611.740237	24.482164	0.035939	0.681217	79
7612.794486	25.937706	0.035939	0.721717	80
7613.826126	23.955490	0.035938	0.666586	81
7614.885912	24.456430	0.035934	0.680595	82
7615.904025	25.197895	0.035937	0.701177	83
7616.959439	26.497427	0.035937	0.737333	84
7617.986919	24.439331	0.035938	0.680044	85
7619.042458	26.077362	0.035935	0.725681	86
7620.069787	24.445810	0.035935	0.680280	87
7621.123151	26.005236	0.035933	0.723713	88
7622.150698	24.331299	0.035934	0.677110	89
7623.207846	26.018627	0.035938	0.723979	90
7624.235395	25.176071	0.035932	0.700650	91
7625.291133	26.387383	0.035938	0.734256	92
7626.314996	25.457188	0.035935	0.708422	93
7627.378781	25.290058	0.035939	0.703697	94
7628.422969	21.222355	0.035935	0.590584	95
7629.455378	26.548641	0.035935	0.738800	96
7630.486055	24.690664	0.035934	0.687117	97
7631.539441	25.912970	0.035933	0.721142	98
7632.571425	23.948381	0.035938	0.666375	99
7633.621188	26.133240	0.035937	0.727186	100
7634.646679	26.239489	0.035934	0.730213	101
7635.707221	25.252581	0.035936	0.702710	102
7636.735668	24.760099	0.035936	0.689010	103
7637.786631	25.506138	0.035936	0.709768	104
7638.884081	12.271179	0.035933	0.341504	105
7639.868116	25.694084	0.035931	0.715085	106
7640.901470	25.439837	0.035932	0.708000	107
7641.989778	18.346546	0.035936	0.510539	108
7642.985702	25.466036	0.035939	0.708589	109
7644.035310	24.992367	0.035933	0.695522	110
7645.073783	24.332817	0.035935	0.677129	111
7646.110823	26.238155	0.035936	0.730132	112
7647.152129	25.643042	0.035932	0.713662	113
7648.196151	25.631054	0.035936	0.713240	114
7649.233126	26.399208	0.035933	0.734670	115
7650.278279	25.768997	0.035932	0.717163	116
7651.317549	25.504215	0.035932	0.709793	117
7652.361127	23.448608	0.035935	0.652526	118
7653.399185	26.144680	0.035936	0.727544	119
7654.443667	25.939039	0.035936	0.721806	120
7655.485827	25.035112	0.035936	0.696663	121
7656.525300	26.280350	0.035934	0.731357	122
7657.565157	25.559893	0.035935	0.711272	123
7658.607493	26.382690	0.035936	0.734163	124
7659.653299	24.823483	0.035932	0.690843	125
7660.684365	27.474966	0.035937	0.764531	126
7661.729425	26.363613	0.035935	0.733654	127
7662.778150	25.473225	0.035935	0.708872	128
7663.813668	25.766157	0.035935	0.717028	129
7664.861329	25.409906	0.035934	0.707128	130
7665.899700	25.458578	0.035935	0.708466	131
7666.952608	23.949705	0.035932	0.666520	132
7667.977965	25.974585	0.035936	0.722810	133
7669.022335	25.953602	0.035932	0.722288	134
7670.061405	26.320347	0.035933	0.732489	135
7671.108660	25.417921	0.035932	0.707390	136
7672.142917	26.255211	0.035936	0.730613	137
7673.191031	26.248959	0.035932	0.730525	138
7674.224801	24.562387	0.035936	0.683499	139
7675.272936	26.305349	0.035931	0.732098	140
7676.310778	25.056583	0.035937	0.697227	141
7677.360550	25.313581	0.035934	0.704443	142
7678.392688	25.057795	0.035935	0.697305	143
7679.445398	25.316307	0.035935	0.704495	144
7680.467809	26.433170	0.035934	0.735599	145
7682.558275	24.983154	0.035936	0.695221	147
7683.606876	26.019951	0.035934	0.724112	148
7684.634054	25.909338	0.035937	0.720968	149
7685.690851	26.554008	0.035934	0.738969	150
7686.712707	26.712236	0.035933	0.743385	151
7687.772820	26.200382	0.035934	0.729121	152
7688.805083	24.696606	0.035934	0.687286	153
7689.860604	26.181072	0.035936	0.728557	154
7690.921283	17.774450	0.035936	0.494609	155
7691.929588	29.210066	0.035933	0.812900	156
7692.957522	27.200462	0.035932	0.757003	157
7694.021614	27.035433	0.035934	0.752356	158
7695.051409	25.073069	0.035933	0.697775	159
7696.108701	25.848658	0.035934	0.719345	160
7697.131920	25.644011	0.035934	0.713640	161
7698.206165	23.469389	0.035935	0.653110	162
7699.212396	26.064592	0.035932	0.725378	163
7700.266417	27.379524	0.035938	0.761861	164
7701.295978	26.091187	0.035936	0.726055	165
7702.352348	26.958727	0.035935	0.750218	166
7703.384937	24.843204	0.035936	0.691325	167
7704.439848	25.597902	0.035933	0.712382	168
7705.460612	26.217205	0.035938	0.729512	169
7706.516742	26.421112	0.035935	0.735258	170
7707.544691	25.596981	0.035937	0.712268	171
7708.604367	26.254480	0.035935	0.730616	172
7709.624583	26.178251	0.035936	0.728464	173
7710.690053	26.149128	0.035935	0.727678	174
7711.713508	25.480286	0.035936	0.709046	175
7712.764766	26.222023	0.035933	0.729747	176
7713.796171	25.157263	0.035934	0.700093	177
7714.842427	28.230665	0.035936	0.785591	178
