time (s)	energy (uJ)	charge (mC)	voltage (mV)	crossing#mod 255
4214.910263	92.899231	0.035932	2.585448	182
4215.965986	85.666176	0.035934	2.384015	183
4216.990693	90.056931	0.035932	2.506326	184
4218.055817	84.186646	0.035934	2.342823	185
4219.075594	90.150894	0.035934	2.508783	186
4220.131631	86.780891	0.035933	2.415106	187
4221.154014	92.842232	0.035933	2.583765	188
4222.217767	87.690132	0.035932	2.440420	189
4223.236730	93.107857	0.035933	2.591151	190
4224.296397	85.009827	0.035932	2.365827	191
4225.319205	89.256531	0.035933	2.483998	192
4226.383218	88.612846	0.035934	2.466004	193
4227.407115	93.454987	0.035935	2.600658	194
4228.460928	88.201950	0.035933	2.454637	195
4229.485459	89.747978	0.035934	2.497571	196
4230.541263	90.334961	0.035935	2.513864	197
4231.575314	92.131004	0.035933	2.563946	198
4232.617361	93.175362	0.035933	2.593031	199
4233.657952	91.913483	0.035937	2.557638	200
4234.704052	88.760262	0.035934	2.470098	201
4235.736305	95.377510	0.035935	2.654156	202
4236.788298	92.107185	0.035934	2.563219	203
4237.816579	96.099739	0.035939	2.673999	204
4238.874481	88.122055	0.035933	2.452404	205
4239.894383	93.129158	0.035933	2.591732	206
4240.953740	93.873955	0.035936	2.612277	207
4241.983988	95.278725	0.035937	2.651279	208
4243.032148	92.651085	0.035934	2.578403	209
4244.066242	93.170471	0.035936	2.592695	210
4245.112342	91.853767	0.035934	2.556173	211
4246.150656	97.240532	0.035934	2.706069	212
4247.202431	92.063194	0.035927	2.562477	213
4248.228661	97.104599	0.035933	2.702377	214
4249.284470	89.826385	0.035936	2.499594	215
4250.305209	95.480621	0.035932	2.657230	216
4251.373037	91.743713	0.035933	2.553192	217
4252.397054	95.847649	0.035936	2.667205	218
4253.451843	94.329651	0.035937	2.624841	219
4254.473500	98.159203	0.035932	2.731806	220
4255.534490	93.132324	0.035934	2.591776	221
4256.557286	96.657417	0.035932	2.689976	222
4257.619078	95.129913	0.035932	2.647513	223
4258.643682	97.347115	0.035933	2.709150	224
4259.696215	94.570923	0.035936	2.631653	225
4260.726236	97.684990	0.035932	2.718644	226
4261.780242	95.587006	0.035936	2.659942	227
4262.802577	98.388588	0.035935	2.737982	228
4263.862566	95.136871	0.035934	2.647561	229
4264.886955	97.530922	0.035933	2.714258	230
4265.946427	94.832535	0.035934	2.639071	231
4266.972479	98.584091	0.035937	2.743212	232
4268.026945	96.734367	0.035933	2.692096	233
4269.050547	101.576363	0.035936	2.826601	234
4270.105387	95.401550	0.035933	2.655019	235
4271.139131	98.022720	0.035937	2.727650	236
4272.187433	96.162712	0.035933	2.676194	237
4273.221379	100.571114	0.035938	2.798469	238
4274.267763	97.484261	0.035932	2.712998	239
4275.306736	97.919426	0.035933	2.725022	240
4276.352794	96.332176	0.035934	2.680818	241
4277.382753	100.311340	0.035932	2.791678	242
4278.437196	98.415932	0.035937	2.738583	243
4279.463136	101.042625	0.035935	2.811779	244
4280.522969	97.050240	0.035935	2.700742	245
4281.545894	101.174286	0.035934	2.815565	246
4282.607563	97.093697	0.035934	2.702024	247
4283.627834	103.368225	0.035932	2.876776	248
4284.683648	98.254562	0.035935	2.734219	249
4285.718121	101.317398	0.035933	2.819614	250
4286.764267	99.805489	0.035937	2.777201	251
4287.798285	102.806549	0.035935	2.860934	252
4288.846888	99.129456	0.035935	2.758553	253
4289.882923	101.006363	0.035933	2.810936	254
4290.927506	99.185234	0.035933	2.760257	255
4291.963613	100.921829	0.035932	2.808728	0
4293.011680	100.118637	0.035937	2.785963	1
4294.043947	102.772346	0.035932	2.860205	2
4295.094888	101.518303	0.035936	2.824950	3
4296.127047	103.084526	0.035937	2.868499	4
4297.178907	100.148178	0.035934	2.787026	5
4298.209212	102.923164	0.035937	2.863964	6
4299.258994	101.481750	0.035933	2.824174	7
4300.291277	102.479942	0.035933	2.851961	8
4301.343043	102.299667	0.035937	2.846617	9
4302.375872	104.066628	0.035934	2.896017	10
4303.423629	102.003708	0.035933	2.838706	11
4304.457994	102.859108	0.035934	2.862484	12
4305.506230	101.311447	0.035935	2.819274	13
4306.543744	103.495598	0.035932	2.880313	14
4307.588185	102.664635	0.035932	2.857154	15
4308.622095	105.696671	0.035934	2.941396	16
4309.669938	102.975403	0.035932	2.865816	17
4310.703077	106.587250	0.035936	2.966036	18
4311.754907	102.800919	0.035933	2.860902	19
4312.781233	107.682289	0.035937	2.996379	20
4313.840003	101.769722	0.035934	2.832159	21
4314.863878	106.324005	0.035935	2.958758	22
4315.923839	102.413284	0.035937	2.849798	23
4316.949686	106.611069	0.035936	2.966709	24
4318.002026	104.638168	0.035937	2.911706	25
4319.033752	106.659615	0.035933	2.968309	26
4320.079959	105.218567	0.035932	2.928247	27
4321.120335	104.821808	0.035936	2.916937	28
4322.164381	104.754601	0.035934	2.915212	29
4323.200627	107.135223	0.035933	2.981565	30
4324.246925	105.307426	0.035933	2.930667	31
4325.283264	107.957245	0.035932	3.004519	32
4326.329015	105.745140	0.035934	2.942746	33
4327.362020	109.153564	0.035934	3.037619	34
4328.412155	106.124390	0.035935	2.953271	35
4329.447957	108.107117	0.035936	3.008288	36
4330.498580	104.580078	0.035937	2.910097	37
4331.525189	108.736588	0.035932	3.026205	38
4332.583574	104.466469	0.035933	2.907240	39
4333.607204	109.972893	0.035933	3.060462	40
4334.664080	105.949387	0.035935	2.948323	41
4335.688100	110.698380	0.035934	3.080576	42
4336.744699	106.047112	0.035932	2.951290	43
4337.772487	109.881683	0.035938	3.057542	44
4338.831022	105.394875	0.035939	2.932644	45
4339.855572	110.468201	0.035933	3.074301	46
4340.911609	106.939507	0.035938	2.975635	47
4341.940151	111.065338	0.035935	3.090723	48
4342.991070	107.714348	0.035932	2.997704	49
4344.024953	109.800323	0.035932	3.055762	50
4345.071452	108.407845	0.035935	3.016738	51
4346.109306	110.178032	0.035934	3.066153	52
4347.154252	107.966072	0.035933	3.004622	53
4348.192262	110.097900	0.035933	3.063993	54
4349.236703	107.838158	0.035932	3.001163	55
4350.272873	110.655045	0.035931	3.079619	56
4351.319837	108.812019	0.035931	3.028386	57
4352.350028	112.401665	0.035932	3.128206	58
4353.403821	109.318016	0.035932	3.042324	59
4354.434248	111.805931	0.035932	3.111556	60
4355.489917	108.070992	0.035932	3.007620	61
4356.515981	112.028442	0.035933	3.117712	62
4357.572382	108.242233	0.035938	3.011949	63
4358.596415	112.145302	0.035933	3.120977	64
4359.652385	108.895782	0.035937	3.030146	65
4360.680193	112.756027	0.035934	3.137874	66
4361.734402	109.508392	0.035933	3.047570	67
4362.762533	113.577415	0.035935	3.160638	68
4363.812644	110.931145	0.035934	3.087065	69
4364.847133	113.199615	0.035931	3.150453	70
4365.894969	110.991028	0.035931	3.088998	71
4366.933027	112.530434	0.035932	3.131765	72
4367.977318	109.570953	0.035931	3.049468	73
4369.015397	112.372253	0.035934	3.127213	74
4370.059499	110.077171	0.035935	3.063232	75
4371.097914	112.382263	0.035937	3.127180	76
4372.141995	110.812614	0.035936	3.083616	77
4373.183847	111.743019	0.035935	3.109552	78
4374.227844	110.127869	0.035933	3.064801	79
4375.262175	112.472092	0.035936	3.129832	80
4376.304916	111.596581	0.035933	3.105661	81
4377.346993	112.602783	0.035934	3.133630	82
4378.391020	110.625778	0.035935	3.078470	83
4379.427850	113.556671	0.035933	3.160240	84
4380.471957	112.129547	0.035933	3.120496	85
4381.505975	115.053398	0.035933	3.201857	86
4382.556276	162.083466	0.035937	4.510197	87
4383.590664	114.643532	0.035938	3.190048	88
4384.642309	111.329506	0.035933	3.098223	89
4385.673244	114.832344	0.035933	3.195742	90
4386.723846	111.950607	0.035935	3.115366	91
4387.749876	116.209404	0.035931	3.234207	92
4388.805890	112.276932	0.035933	3.124647	93
4389.831981	116.564537	0.035935	3.243783	94
4390.890338	112.143654	0.035932	3.120972	95
4391.916075	116.786659	0.035937	3.249750	96
4392.972634	112.834930	0.035934	3.140080	97
4393.997443	116.953026	0.035933	3.254785	98
4395.053238	113.406616	0.035936	3.155832	99
4396.083274	117.095787	0.035937	3.258389	100
4397.132469	114.145096	0.035938	3.176182	101
4398.168229	115.721252	0.035934	3.220412	102
4399.214284	113.471092	0.035933	3.157861	103
4400.250561	115.756149	0.035935	3.221250	104
4401.296368	112.903305	0.035937	3.141710	105
4402.333249	116.284126	0.035933	3.236136	106
4403.378960	114.143707	0.035937	3.176187	107
4404.417031	115.917374	0.035933	3.225923	108
4405.461033	114.874321	0.035932	3.196976	109
4406.497430	114.953705	0.035933	3.199105	110
4407.545140	114.659363	0.035932	3.191024	111
4408.579160	117.118790	0.035932	3.259465	112
4409.627362	115.329704	0.035937	3.209214	113
4410.661195	117.496216	0.035938	3.269416	114
4411.710210	115.601448	0.035933	3.217134	115
4412.742062	118.363251	0.035935	3.293855	116
4413.792776	116.344154	0.035930	3.238036	117
4414.826774	117.905708	0.035933	3.281245	118
4415.874749	116.109467	0.035937	3.230889	119
4416.911479	116.667953	0.035935	3.246639	120
4417.957360	120.977631	0.035934	3.366679	121
4418.995410	117.166878	0.035938	3.260233	122
4420.037712	116.076950	0.035934	3.230253	123
4421.075569	117.769234	0.035936	3.277174	124
4422.121640	116.537926	0.035935	3.242982	125
4423.158471	118.373245	0.035933	3.294256	126
4424.202261	116.439972	0.035932	3.240581	127
4425.240594	117.861359	0.035932	3.280108	128
4426.284515	116.426071	0.035935	3.239924	129
4427.324420	117.889153	0.035934	3.280741	130
4428.368451	117.113609	0.035935	3.259045	131
4429.401266	119.883629	0.035931	3.336467	132
4430.453364	116.894165	0.035932	3.253182	133
4431.481644	120.561523	0.035932	3.355234	134
4432.537436	116.649780	0.035935	3.246154	135
4433.569454	118.164375	0.035936	3.288222	136
4434.619720	116.761261	0.035933	3.249412	137
4435.648029	119.023003	0.035933	3.312386	138
4436.702106	117.219185	0.035935	3.262006	139
4437.728678	120.055580	0.035933	3.341057	140
4438.784477	117.078247	0.035938	3.257821	141
4439.812231	119.961571	0.035935	3.338335	142
4440.865177	117.996712	0.035931	3.284007	143
4441.895509	121.373100	0.035935	3.377570	144
4442.949234	117.958908	0.035932	3.282849	145
4443.979780	120.189964	0.035936	3.344571	146
4445.031809	117.220200	0.035936	3.261925	147
4446.063889	119.855003	0.035932	3.335609	148
4447.111920	118.163811	0.035936	3.288195	149
4448.146910	119.916451	0.035937	3.336892	150
4449.193019	118.690308	0.035933	3.303062	151
4450.231038	119.865013	0.035935	3.335624	152
4451.275272	118.721756	0.035932	3.304047	153
4452.311385	120.319298	0.035935	3.348224	154
4453.357108	150.682999	0.035933	4.193423	155
4454.395167	120.315659	0.035936	3.348092	156
4455.439681	119.125488	0.035936	3.314904	157
4456.475616	121.196114	0.035938	3.372406	158
4457.521703	119.603386	0.035937	3.328141	159
4458.559468	143.737564	0.035938	3.999577	160
4459.605514	119.691765	0.035933	3.330936	161
4460.640392	120.845444	0.035932	3.363126	162
4461.688149	119.713005	0.035933	3.331542	163
4462.722717	120.890465	0.035932	3.364400	164
4463.771518	120.063240	0.035937	3.340922	165
4464.801867	122.098656	0.035932	3.398006	166
4465.858441	119.183800	0.035937	3.316453	167
4466.884454	121.344505	0.035934	3.376838	168
4467.938788	120.092842	0.035938	3.341708	169
4468.966624	121.593773	0.035935	3.383693	170
4470.022687	118.685272	0.035937	3.302617	171
4471.048737	121.727684	0.035933	3.387666	172
4472.104743	118.960258	0.035938	3.310178	173
4473.135309	120.916412	0.035933	3.365023	174
4474.187356	118.803658	0.035937	3.305871	175
4475.211384	124.591721	0.035933	3.467335	176
4476.268336	119.372711	0.035936	3.321836	177
4477.296774	124.175735	0.035935	3.455558	178
4478.350437	119.105659	0.035935	3.314483	179
4479.381040	123.433434	0.035932	3.435195	180
4480.429949	120.013496	0.035933	3.339890	181
4481.464839	122.852440	0.035933	3.418917	182
4482.510617	120.785347	0.035931	3.361565	183
4483.552737	120.452759	0.035935	3.351959	184
4484.592785	120.276237	0.035929	3.347655	185
4485.631152	122.428040	0.035934	3.407063	186
4486.677213	119.691124	0.035939	3.330384	187
4487.712914	122.798424	0.035933	3.417427	188
4488.757894	120.894768	0.035937	3.364046	189
4489.792979	123.832870	0.035938	3.445690	190
4490.839149	121.835175	0.035935	3.390472	191
4491.877003	123.552467	0.035933	3.438410	192
4492.921869	122.038811	0.035933	3.396257	193
4493.960688	122.679840	0.035934	3.414017	194
4495.006662	121.286888	0.035934	3.375268	195
4496.042656	122.384933	0.035934	3.405793	196
4497.090695	120.254852	0.035934	3.346568	197
4498.124782	123.318283	0.035933	3.431853	198
4499.170843	121.741737	0.035937	3.387633	199
4500.206109	124.043999	0.035934	3.452026	200
4501.253866	121.127121	0.035932	3.370971	201
4502.290254	123.381371	0.035933	3.433640	202
4503.336325	121.174500	0.035933	3.372258	203
4504.373992	123.192863	0.035938	3.427949	204
4505.420041	120.332161	0.035933	3.348802	205
4506.457012	123.003632	0.035933	3.423185	206
4507.499105	149.502350	0.035936	4.160259	207
4508.537540	124.853256	0.035936	3.474325	208
4509.581467	121.935501	0.035937	3.392995	209
4510.619228	124.486916	0.035932	3.464536	210
4511.667272	120.633804	0.035934	3.357092	211
4512.699222	125.662148	0.035932	3.497205	212
4513.750232	121.191780	0.035931	3.372887	213
4514.782245	124.738762	0.035937	3.471030	214
4515.832323	121.523842	0.035934	3.381903	215
4516.866369	123.715309	0.035939	3.442416	216
4517.918931	119.946083	0.035933	3.338042	217
4518.946950	124.326729	0.035934	3.459870	218
4520.001595	121.608322	0.035934	3.384191	219
