time (s)	energy (uJ)	charge (mC)	voltage (mV)	crossing#mod 255
7036.925620	29.849878	0.035934	0.830691	41
7037.968156	32.278320	0.035933	0.898283	42
7039.010846	26.749237	0.035937	0.744331	43
7040.049032	29.377892	0.035936	0.817504	44
7041.089818	31.207926	0.035934	0.868490	45
7042.135605	29.327566	0.035934	0.816151	46
7043.177023	27.355974	0.035934	0.761290	47
7044.225912	30.542038	0.035933	0.849961	48
7045.237964	37.136547	0.035937	1.033367	49
7046.303716	27.584364	0.035936	0.767606	50
7047.338443	27.223225	0.035933	0.757606	51
7048.378448	31.617151	0.035933	0.879884	52
7049.418545	29.656965	0.035936	0.825282	53
7050.476640	29.139708	0.035932	0.810976	54
7051.501733	31.707113	0.035938	0.882282	55
7052.549472	31.435266	0.035939	0.874696	56
7053.592102	27.419605	0.035933	0.763074	57
7054.635318	27.705006	0.035935	0.770978	58
7055.665545	29.195601	0.035936	0.812432	59
7056.722666	30.310448	0.035938	0.843400	60
7057.752060	30.268635	0.035939	0.842233	61
7058.800760	30.222498	0.035935	0.841039	62
7059.833457	30.757029	0.035933	0.855961	63
7060.887332	29.939905	0.035935	0.833161	64
7061.913755	29.226656	0.035937	0.813270	65
7062.975454	29.969685	0.035934	0.834010	66
7063.998115	30.223690	0.035935	0.841065	67
7065.064292	28.231358	0.035939	0.785536	68
7066.078812	30.193205	0.035937	0.840160	69
7067.143677	29.129250	0.035933	0.810663	70
7068.166935	30.118076	0.035934	0.838154	71
7069.227109	28.391060	0.035938	0.789996	72
7070.248700	30.526873	0.035934	0.849532	73
7071.299891	31.339025	0.035937	0.872052	74
7072.331260	29.773914	0.035936	0.828528	75
7073.390301	29.233976	0.035935	0.813533	76
7074.420156	29.504379	0.035933	0.821085	77
7075.477710	28.881084	0.035937	0.803654	78
7076.501219	165.613358	0.035933	4.608999	79
7077.533342	36.763542	0.035938	1.022969	80
7078.637067	16.190552	0.035935	0.450548	81
7079.635868	28.901127	0.035938	0.804204	82
7080.663325	29.632858	0.035937	0.824584	83
7081.720787	31.010019	0.035936	0.862931	84
7082.746080	30.831781	0.035934	0.858002	85
7083.644443	84.524307	0.035932	2.352313	86
7084.827508	30.955725	0.035935	0.861434	87
7085.886495	29.772814	0.035939	0.828426	88
7086.909733	29.968782	0.035937	0.833926	89
7087.994655	26.808691	0.035935	0.746029	90
7088.999415	30.282137	0.035934	0.842713	91
7090.060208	28.691858	0.035935	0.798432	92
7091.089193	29.156397	0.035935	0.811359	93
7092.136102	30.754002	0.035933	0.855860	94
7093.166513	29.304417	0.035937	0.815441	95
7094.225386	29.521559	0.035933	0.821562	96
7095.326751	0.790913	0.035935	0.022010	97
7096.306345	28.111216	0.035936	0.782267	98
7097.330315	29.425829	0.035939	0.818778	99
7098.387752	30.754930	0.035932	0.855912	100
7099.416179	30.206106	0.035934	0.840611	101
7100.470534	29.901493	0.035934	0.832115	102
7101.491885	31.639519	0.035939	0.880371	103
7102.551077	30.086557	0.035933	0.837286	104
7103.585381	28.493349	0.035938	0.792841	105
7104.630920	30.950329	0.035939	0.861196	106
7105.662567	30.519171	0.035934	0.849311	107
7106.714917	30.809942	0.035934	0.857408	108
7107.631160	72.839462	0.035935	2.026991	109
7108.800811	29.985809	0.035937	0.834399	110
7109.831219	30.339424	0.035934	0.844298	111
7110.873677	31.622292	0.035933	0.880042	112
7111.916152	30.122404	0.035937	0.838208	113
7112.960889	31.094461	0.035936	0.865276	114
7113.999956	29.707731	0.035935	0.826698	115
7115.045447	29.763693	0.035935	0.828262	116
7116.081694	30.346010	0.035938	0.844398	117
7117.124095	30.934521	0.035937	0.860791	118
7118.163785	30.438179	0.035935	0.847034	119
7119.214918	29.854498	0.035938	0.830714	120
7120.246613	30.963263	0.035935	0.861647	121
7121.297850	30.590178	0.035934	0.851284	122
7122.330627	30.372131	0.035933	0.845255	123
7123.373966	31.227930	0.035937	0.868953	124
7124.416179	29.776176	0.035936	0.828596	125
7125.457049	31.520718	0.035934	0.877173	126
7126.501527	29.061834	0.035936	0.808715	127
7127.540752	31.343458	0.035936	0.872194	128
7128.579096	30.721146	0.035934	0.854924	129
7129.623054	31.165535	0.035932	0.867356	130
7130.663263	28.868292	0.035934	0.803365	131
7131.705724	31.085972	0.035934	0.865076	132
7132.748072	47.436504	0.035934	1.320111	133
7133.788633	31.504560	0.035934	0.876732	134
7134.827179	30.568916	0.035938	0.850603	135
7135.875133	30.743967	0.035933	0.855581	136
7136.912370	30.254393	0.035936	0.841898	137
7137.960035	30.673622	0.035933	0.853625	138
7138.987932	31.936111	0.035935	0.888720	139
7140.036840	31.746809	0.035933	0.883491	140
7141.076012	30.461906	0.035934	0.847727	141
7142.120480	31.504431	0.035936	0.876694	142
7143.161136	29.082224	0.035937	0.809264	143
7144.206800	30.741850	0.035935	0.855490	144
7145.240408	30.397129	0.035936	0.845868	145
7146.289807	31.173838	0.035933	0.867547	146
7147.320551	31.238522	0.035936	0.869272	147
7148.372639	31.198092	0.035933	0.868231	148
7149.404985	29.594160	0.035932	0.823607	149
7150.448403	32.780621	0.035938	0.912141	150
7151.486320	30.763468	0.035938	0.856009	151
7152.249930	60.363609	0.035935	1.679808	152
7153.567409	31.328888	0.035935	0.871833	153
7154.621940	31.372849	0.035936	0.873015	154
7155.644830	32.009449	0.035934	0.890793	155
7156.711323	30.262629	0.035936	0.842130	156
7157.739199	29.922655	0.035936	0.832662	157
7158.790430	31.047533	0.035937	0.863935	158
7159.815436	30.986668	0.035933	0.862341	159
7160.875896	30.766191	0.035938	0.856087	160
7161.901924	30.261904	0.035935	0.842125	161
7162.953762	31.649120	0.035936	0.880710	162
7163.967053	34.968052	0.035933	0.973153	163
7165.039539	30.663837	0.035935	0.853319	164
7166.065058	30.216583	0.035933	0.840920	165
7167.121333	31.246849	0.035933	0.869595	166
7168.149385	30.319958	0.035935	0.843744	167
7169.204501	30.325222	0.035934	0.843922	168
7170.235655	29.634926	0.035934	0.824699	169
7171.284851	31.923466	0.035936	0.888340	170
7172.315587	30.546333	0.035932	0.850103	171
7173.376342	29.349648	0.035934	0.816763	172
7174.395502	30.861530	0.035933	0.858851	173
7175.453010	30.929398	0.035935	0.860698	174
7176.477806	31.247770	0.035932	0.869634	175
7177.535360	31.057356	0.035933	0.864303	176
7178.567290	29.970526	0.035936	0.833994	177
7179.617908	31.181957	0.035933	0.867769	178
7180.649389	29.962461	0.035936	0.833779	179
7181.707512	29.866419	0.035934	0.831144	180
7182.726219	31.426392	0.035934	0.874562	181
7183.789795	29.362312	0.035933	0.817145	182
7184.830865	27.108799	0.035932	0.754456	183
7185.862216	31.926874	0.035933	0.888502	184
7186.899131	29.479696	0.035934	0.820392	185
7187.951258	30.944838	0.035936	0.861100	186
7188.978804	30.545727	0.035934	0.850041	187
7190.033997	30.348501	0.035938	0.844479	188
7191.061492	30.745939	0.035937	0.855545	189
7192.116403	29.857220	0.035934	0.830880	190
7193.150318	297.309753	0.035935	8.273495	191
7194.208708	28.028368	0.035934	0.779999	192
7195.225624	31.202311	0.035934	0.868326	193
7196.276053	31.456337	0.035937	0.875322	194
7197.312061	30.408707	0.035933	0.846250	195
7198.335327	38.669205	0.035934	1.076121	196
7199.401196	29.112429	0.035936	0.810113	197
7200.437718	32.000523	0.035937	0.890468	198
7201.483103	29.298439	0.035935	0.815321	199
7202.528219	30.400309	0.035934	0.846003	200
7203.560264	30.491314	0.035934	0.848548	201
7204.608229	29.179155	0.035934	0.812027	202
7205.641991	31.311907	0.035933	0.871396	203
7206.692929	30.634098	0.035939	0.852388	204
7207.724104	30.889034	0.035935	0.859583	205
7208.770673	31.532078	0.035933	0.877517	206
7209.808462	29.137217	0.035935	0.810825	207
7210.916818	17.554987	0.035936	0.488501	208
7211.893194	30.481445	0.035932	0.848297	209
7212.918638	36.620392	0.035933	1.019126	210
7213.976533	30.230860	0.035933	0.841312	211
7215.015940	32.389568	0.035938	0.901260	212
7216.066228	28.708458	0.035936	0.798877	213
7217.099970	32.046280	0.035933	0.891828	214
7218.139916	30.773916	0.035935	0.856367	215
7219.183066	31.928986	0.035933	0.888569	216
7220.227293	29.753420	0.035934	0.827994	217
7221.266505	31.363083	0.035939	0.872670	218
7222.307908	28.858980	0.035937	0.803048	219
7223.347065	32.081429	0.035934	0.892798	220
7224.387306	30.716398	0.035935	0.854767	221
7225.425349	33.418846	0.035933	0.930020	222
7226.472623	30.046083	0.035935	0.836132	223
7227.465771	50.209927	0.035934	1.397282	224
7228.551834	30.861330	0.035939	0.858718	225
7229.602158	30.140158	0.035934	0.838773	226
7230.635422	30.830421	0.035937	0.857911	227
7231.685296	30.452497	0.035934	0.847446	228
7232.719062	30.086548	0.035935	0.837242	229
7233.762470	32.048824	0.035934	0.891882	230
7234.804565	29.740774	0.035936	0.827599	231
7235.846254	31.856468	0.035934	0.886529	232
7236.895201	28.191727	0.035936	0.784491	233
7237.929479	31.605240	0.035935	0.879511	234
7238.965364	28.915495	0.035936	0.804639	235
7240.014605	31.115665	0.035933	0.865936	236
7241.063858	27.593998	0.035934	0.767909	237
7242.096039	31.413185	0.035939	0.874077	238
7243.131768	30.521194	0.035934	0.849357	239
7244.185153	30.289167	0.035936	0.842874	240
7245.223877	28.403923	0.035933	0.790460	241
7246.263105	31.391163	0.035935	0.873544	242
7247.292688	31.277592	0.035935	0.870385	243
7248.345193	31.110451	0.035934	0.865774	244
7249.378724	30.153135	0.035938	0.839038	245
7250.433491	29.993002	0.035935	0.834638	246
7251.449245	33.525768	0.035939	0.932842	247
7252.511738	30.812235	0.035933	0.857480	248
7253.545946	30.290554	0.035938	0.842857	249
7254.598869	29.701748	0.035937	0.826485	250
7255.626570	30.089363	0.035935	0.837323	251
7256.680072	30.758360	0.035938	0.855871	252
7257.708037	29.337698	0.035936	0.816385	253
7258.760337	30.998152	0.035934	0.862637	254
7259.794437	29.469908	0.035936	0.820065	255
7260.849574	29.898798	0.035937	0.831982	0
7261.875413	30.196735	0.035934	0.840331	1
7262.923988	31.424944	0.035935	0.874505	2
7263.960648	29.377777	0.035934	0.817557	3
7265.008491	30.018549	0.035937	0.835313	4
7266.042377	30.297779	0.035934	0.843149	5
7267.093966	30.597689	0.035938	0.851408	6
7268.119384	31.295385	0.035933	0.870927	7
7269.173178	31.118881	0.035935	0.865970	8
7270.202223	30.974993	0.035933	0.862016	9
7271.252100	31.482676	0.035936	0.876071	10
7272.281273	31.924837	0.035935	0.888393	11
7273.330208	32.699394	0.035935	0.909957	12
7274.373708	30.062922	0.035935	0.836603	13
7275.424452	30.280260	0.035935	0.842647	14
7276.453394	30.520580	0.035936	0.849312	15
7277.504630	30.582073	0.035937	0.850990	16
7278.538469	30.184349	0.035938	0.839890	17
7279.586982	30.352760	0.035939	0.844555	18
7280.619933	30.122749	0.035936	0.838242	19
7281.664213	31.596327	0.035934	0.879283	20
7282.711450	28.555613	0.035934	0.794664	21
7283.753457	267.289154	0.035933	7.438630	22
7284.778788	32.084927	0.035937	0.892813	23
7285.959834	-2.047784	0.035934	-0.056987	24
7286.868720	29.825523	0.035934	0.830006	25
7287.913150	31.133272	0.035936	0.866365	26
7288.951163	29.725843	0.035937	0.827175	27
7289.999535	30.193312	0.035937	0.840164	28
7291.039658	28.885302	0.035934	0.803851	29
7292.073936	32.118675	0.035936	0.893783	30
7293.113451	31.614969	0.035934	0.879808	31
7294.158287	31.198198	0.035933	0.868220	32
7295.206774	28.815748	0.035933	0.801926	33
7296.240478	31.413971	0.035934	0.874207	34
7297.292077	28.468132	0.035936	0.792186	35
7298.324910	31.332146	0.035939	0.871812	36
7299.365460	30.721256	0.035937	0.854870	37
7300.408358	30.060995	0.035936	0.836518	38
7301.446597	29.644321	0.035938	0.824872	39
7302.479424	34.385380	0.035935	0.956878	40
7303.528670	30.484009	0.035935	0.848305	41
7304.576799	30.152378	0.035936	0.839063	42
7305.617841	29.194315	0.035935	0.812418	43
7306.654837	31.438911	0.035939	0.874786	44
7307.699360	29.367250	0.035936	0.817208	45
7308.735519	31.636850	0.035934	0.880427	46
7309.777739	30.443895	0.035936	0.847173	47
7310.790022	42.096653	0.035936	1.171440	48
7311.854122	31.952742	0.035937	0.889120	49
7312.904128	30.991898	0.035934	0.862467	50
7313.942995	30.074848	0.035938	0.836847	51
7314.985294	31.326450	0.035937	0.871707	52
7316.021135	31.549282	0.035936	0.877931	53
7316.911064	111.570419	0.035935	3.104753	54
7318.113034	220.602264	0.035934	6.139168	55
7319.142604	33.129036	0.035936	0.921891	56
7320.187718	31.446810	0.035934	0.875135	57
7321.239508	29.817797	0.035938	0.829690	58
7322.266963	31.475445	0.035932	0.875964	59
7323.301682	35.943588	0.035936	1.000214	60
7324.350169	31.818041	0.035937	0.885395	61
7325.405823	29.599426	0.035934	0.823723	62
7326.437208	30.497906	0.035937	0.848659	63
7327.483059	30.948080	0.035934	0.861252	64
7328.517469	30.760788	0.035935	0.856015	65
7329.571186	29.516577	0.035935	0.821380	66
7330.601331	30.516525	0.035934	0.849227	67
7331.650590	30.734945	0.035942	0.855122	68
7332.679327	31.354280	0.035932	0.872598	69
7333.730692	31.460211	0.035934	0.875496	70
7334.768883	29.819723	0.035939	0.829729	71
7335.825108	28.809553	0.035936	0.801686	72
7336.849524	29.865616	0.035935	0.831103	73
7337.899040	30.443832	0.035939	0.847096	74
7338.932212	30.169298	0.035933	0.839596	75
7339.977335	31.300005	0.035939	0.870923	76
7341.015127	30.154690	0.035935	0.839144	77
7342.061237	31.067984	0.035933	0.864608	78
7343.101501	28.909578	0.035937	0.804445	79
7344.151025	29.524033	0.035934	0.821616	80
