time (s)	coil I (A)	last det (V)	int current (uC)
3643.141429	3.266609	212.109375	4.687500
3643.143432	3.266861	212.109375	4.687500
3643.145433	3.266721	35.933933	0.334601
3644.143480	3.266192	77.636719	-321.582031
3644.145482	3.266825	77.636719	-321.582031
3644.147483	3.266608	35.932693	0.298116
3645.223501	3.267318	211.425781	5.078125
3645.225504	3.267143	211.425781	5.078125
3645.227503	3.267051	35.937557	0.277761
3646.225540	3.266570	79.394531	-318.457031
3646.227541	3.266817	79.394531	-318.457031
3646.229540	3.266724	35.933968	0.305685
3647.309583	3.264289	207.421875	5.468750
3647.311584	3.266892	207.421875	5.468750
3647.313585	3.266898	207.421875	5.468750
3647.315585	3.266698	35.933678	0.267948
3648.317622	3.266592	75.585937	-328.613281
3648.319625	3.266832	75.585937	-328.613281
3648.321625	3.266812	35.934937	0.289773
3649.389658	3.266286	216.894531	1.269531
3649.391660	3.266918	216.894531	1.269531
3649.393660	3.266736	35.934093	0.285735
3650.406607	3.266558	77.441406	-325.000000
3650.408609	3.267172	77.441406	-325.000000
3650.410607	3.266932	35.936256	0.305272
3651.470631	3.267211	202.636719	5.078125
3651.472633	3.267145	35.938595	0.275521
3652.496660	3.266290	77.929687	-320.898437
3652.498663	3.267071	77.929687	-320.898437
3652.502665	3.266754	35.934296	0.294300
3653.550698	3.265714	210.839844	2.832031
3653.552700	3.267001	210.839844	2.832031
3653.554698	3.266857	210.839844	2.832031
3653.556700	3.266765	35.934410	0.291884
3654.586774	3.266407	76.269531	-319.433594
3654.588775	3.266934	76.269531	-319.433594
3654.590776	3.266753	35.934288	0.284806
3655.630797	3.267156	200.195312	7.910156
3655.632800	3.266968	200.195312	7.910156
3655.634800	3.266917	35.936089	0.299876
3656.674849	3.267221	70.898437	-329.394531
3656.676849	3.267251	70.898437	-329.394531
3656.678851	3.267206	35.939270	0.490168
3657.716888	3.265991	191.406250	13.867187
3657.718892	3.267272	191.406250	13.867187
3657.720890	3.267310	191.406250	13.867187
3657.722890	3.267069	35.937763	0.312175
3658.756923	3.266196	67.968750	-336.328125
3658.758923	3.267220	67.968750	-336.328125
3658.760924	3.267039	67.968750	-336.328125
3658.764922	3.266997	35.936966	0.267647
3659.804415	3.094019	196.093750	13.964844
3659.809770	3.266930	196.093750	13.964844
3659.811770	3.266894	35.935829	0.314771
3660.828324	3.267093	69.238281	-329.296875
3660.830326	3.266798	69.238281	-329.296875
3660.832326	3.266763	35.934395	0.279813
3661.904355	3.266170	191.406250	15.527344
3661.906358	3.266969	191.406250	15.527344
3661.910354	3.266743	191.406250	15.527344
3661.912355	3.266762	35.934376	0.301939
3662.906417	3.266589	74.121094	-313.671875
3662.908419	3.267228	74.121094	-313.671875
3662.912418	3.267113	35.938240	0.284793
3663.992437	3.266585	200.195312	12.890625
3663.994443	3.267167	200.195312	12.890625
3663.996449	3.266973	35.936707	0.291316
3664.989041	3.265251	72.949219	-327.246094
3664.991043	3.266981	72.949219	-327.246094
3664.993044	3.266812	72.949219	-327.246094
3664.995043	3.266783	35.934616	0.299846
3666.075113	3.266696	203.906250	8.789062
3666.077113	3.266716	203.906250	8.789062
3666.079114	3.266617	35.932781	0.471856
3667.082034	3.265347	73.828125	-333.203125
3667.084036	3.265424	73.828125	-333.203125
3667.086037	3.267085	73.828125	-333.203125
3667.088035	3.267072	35.937790	0.309590
3668.152150	3.267003	203.515625	5.664062
3668.154150	3.266794	35.934731	0.286079
3669.176762	3.265680	71.484375	-335.449219
3669.178763	3.266892	71.484375	-335.449219
3669.182763	3.266719	71.484375	-335.449219
3669.184764	3.266744	35.934181	0.298552
3670.226778	3.265580	192.578125	9.667969
3670.228779	3.266959	192.578125	9.667969
3670.230779	3.266745	192.578125	9.667969
3670.232778	3.266729	35.934021	0.301003
3671.268791	3.265276	79.687500	-314.257812
3671.270794	3.266891	79.687500	-314.257812
3671.272794	3.266768	79.687500	-314.257812
3671.274794	3.266697	35.933670	0.301749
3672.308812	3.264952	191.113281	13.085937
3672.310812	3.267286	191.113281	13.085937
3672.312812	3.267292	191.113281	13.085937
3672.314814	3.267239	35.939632	0.311283
3673.354798	3.266503	67.675781	-339.550781
3673.356800	3.267187	67.675781	-339.550781
3673.358799	3.267019	35.937202	0.282919
3674.394858	3.266239	187.304687	16.992187
3674.396862	3.267331	187.304687	16.992187
3674.398862	3.267110	187.304687	16.992187
3674.400863	3.267115	35.938267	0.321735
3675.436899	3.266928	74.121094	-328.808594
3675.438903	3.266824	35.935059	0.286325
3676.485452	3.266914	181.347656	20.410156
3676.487455	3.267039	181.347656	20.410156
3676.489455	3.266904	35.935944	0.329266
3677.515530	3.267106	75.781250	-323.144531
3677.517530	3.266936	35.936291	0.282081
3678.573549	3.265116	185.351562	19.824219
3678.575550	3.267075	185.351562	19.824219
3678.577550	3.266893	185.351562	19.824219
3678.579550	3.266934	35.936272	0.322085
3679.595614	3.265248	66.210937	-345.214844
3679.597614	3.266934	66.210937	-345.214844
3679.601613	3.266741	66.210937	-345.214844
3679.603615	3.266723	35.933952	0.282664
3680.667703	3.266516	177.343750	21.386719
3680.669707	3.266927	177.343750	21.386719
3680.671707	3.266796	35.934757	0.301573
3681.681717	3.266874	65.429687	-346.777344
3681.683718	3.266617	65.429687	-346.777344
3681.685718	3.266667	35.933338	0.287182
3682.747782	3.264287	178.906250	21.875000
3682.749786	3.267244	178.906250	21.875000
3682.751785	3.267187	178.906250	21.875000
3682.753783	3.267192	35.939110	0.319800
3683.761848	3.266944	69.628906	-337.011719
3683.763850	3.267064	69.628906	-337.011719
3683.765851	3.266873	35.935600	0.427273
3684.833874	3.263793	177.441406	22.265625
3684.837873	3.266819	177.441406	22.265625
3684.839877	3.266735	177.441406	22.265625
3684.841877	3.266763	35.934395	0.326191
3685.849923	3.266230	71.679687	-332.812500
3685.851923	3.267251	71.679687	-332.812500
3685.853924	3.267061	71.679687	-332.812500
3685.857923	3.266996	35.936954	0.287030
3686.916921	3.266984	184.277344	20.410156
3686.918923	3.266828	184.277344	20.410156
3686.920925	3.266878	35.935661	0.329853
3687.935466	3.266734	64.843750	-350.195312
3687.937468	3.267163	64.843750	-350.195312
3687.939469	3.266978	35.936760	0.289789
3689.001556	3.266645	174.609375	23.437500
3689.003558	3.266796	174.609375	23.437500
3689.005557	3.266754	35.934296	0.384894
3690.027581	3.266916	73.046875	-333.789062
3690.029582	3.266749	73.046875	-333.789062
3690.031582	3.266763	35.934395	0.285102
3691.078537	3.264849	185.253906	20.312500
3691.080539	3.267033	185.253906	20.312500
3691.082538	3.266952	185.253906	20.312500
3691.084539	3.266935	35.936279	0.337604
3692.114564	3.266770	69.824219	-341.699219
3692.116567	3.266981	69.824219	-341.699219
3692.118566	3.266823	35.935051	0.407451
3693.156603	3.266240	181.933594	20.800781
3693.158602	3.267005	181.933594	20.800781
3693.160603	3.266789	35.934677	0.344508
3694.204659	3.265878	65.527344	-348.339844
3694.206665	3.267416	65.527344	-348.339844
3694.208666	3.267160	65.527344	-348.339844
3694.210668	3.267209	35.939293	0.288875
3695.240714	3.266606	187.597656	17.578125
3695.242716	3.267367	187.597656	17.578125
3695.244715	3.267210	35.939304	0.329010
3696.290749	3.267131	68.359375	-339.746094
3696.292748	3.267255	68.359375	-339.746094
3696.294749	3.267151	35.938663	0.445392
3697.328756	3.266954	183.789062	15.527344
3697.332756	3.266783	35.934616	0.323599
3698.370829	3.266463	67.480469	-342.285156
3698.372832	3.266877	67.480469	-342.285156
3698.374832	3.266713	35.933846	0.312165
3699.416887	3.266497	190.820312	11.621094
3699.418889	3.266910	190.820312	11.621094
3699.420891	3.266765	35.934410	0.313456
3700.449432	3.266718	70.605469	-341.210937
3700.453431	3.266744	70.605469	-341.210937
3700.455432	3.266732	35.934048	0.440985
3701.509462	3.264129	186.523437	13.964844
3701.511463	3.267118	186.523437	13.964844
3701.513464	3.267142	186.523437	13.964844
3701.515463	3.267149	35.938637	0.311324
3702.521469	3.263126	75.585937	-334.472656
3702.523472	3.266865	75.585937	-334.472656
3702.525472	3.266851	75.585937	-334.472656
3702.527473	3.266836	35.935200	0.337761
3703.604057	3.265897	179.394531	19.531250
3703.606059	3.266848	179.394531	19.531250
3703.608060	3.266654	179.394531	19.531250
3703.610058	3.266635	35.932983	0.303617
3704.606112	3.266215	61.816406	-353.125000
3704.608114	3.267083	61.816406	-353.125000
3704.610113	3.266848	61.816406	-353.125000
3704.612114	3.266835	35.935181	0.316789
3705.690158	3.267292	181.054687	22.070312
3705.694158	3.267156	181.054687	22.070312
3705.698162	3.267128	35.938408	0.322872
3706.690730	3.266683	64.843750	-347.070312
3706.692730	3.266722	64.843750	-347.070312
3706.694729	3.266624	35.932861	0.442500
3707.770811	3.266505	170.703125	25.390625
3707.772812	3.266738	170.703125	25.390625
3707.774814	3.266673	35.933403	0.321465
3708.784894	3.265435	62.597656	-355.468750
3708.786896	3.267013	62.597656	-355.468750
3708.788896	3.266749	62.597656	-355.468750
3708.790895	3.266703	35.933731	0.295921
3709.844958	3.265449	169.140625	26.269531
3709.846960	3.267003	169.140625	26.269531
3709.848959	3.266867	169.140625	26.269531
3709.850961	3.266850	35.935352	0.343635
3710.877002	3.266877	61.523437	-359.472656
3710.879004	3.266737	61.523437	-359.472656
3710.881005	3.266670	35.933369	0.297690
3711.925026	3.266880	175.683594	24.121094
3711.927028	3.266697	175.683594	24.121094
3711.929026	3.266662	35.933277	0.339904
3712.967615	3.266634	66.308594	-348.730469
3712.969616	3.266993	66.308594	-348.730469
3712.971617	3.266911	35.936016	0.298107
3714.005689	3.266905	167.480469	23.730469
3714.007690	3.267239	167.480469	23.730469
3714.009693	3.267058	35.937637	0.340913
3715.053726	3.266171	59.863281	-354.003906
3715.055729	3.267016	59.863281	-354.003906
3715.057728	3.267063	59.863281	-354.003906
3715.059728	3.266872	35.935593	0.304286
3716.091842	3.267266	181.152344	18.945312
3716.093843	3.267121	181.152344	18.945312
3716.095844	3.267064	35.937706	0.330686
3717.135914	3.266613	69.921875	-336.914062
3717.137916	3.267070	69.921875	-336.914062
3717.139916	3.266876	35.935635	0.314972
3718.176436	3.266622	175.195312	19.238281
3718.178436	3.266631	175.195312	19.238281
3718.180436	3.266510	35.931614	0.331230
3719.220506	3.266105	59.960937	-350.585937
3719.222507	3.267208	59.960937	-350.585937
3719.226506	3.266993	59.960937	-350.585937
3719.228508	3.266941	35.936352	0.322849
3720.260508	3.265093	176.953125	17.968750
3720.262510	3.267313	176.953125	17.968750
3720.264510	3.267242	176.953125	17.968750
3720.266510	3.267192	35.939110	0.332492
3721.306598	3.266803	60.546875	-349.511719
3721.308601	3.266860	60.546875	-349.511719
3721.312601	3.266752	35.934269	0.318707
3722.348713	3.265677	173.925781	18.457031
3722.350715	3.266944	173.925781	18.457031
3722.354718	3.266700	173.925781	18.457031
3722.358717	3.266685	35.933537	0.322383
3723.388808	3.265878	64.746094	-343.945312
3723.390811	3.266767	64.746094	-343.945312
3723.392810	3.266585	64.746094	-343.945312
3723.394812	3.266606	35.932667	0.324927
3724.432885	3.267036	172.656250	19.335937
3724.434887	3.267027	172.656250	19.335937
3724.436888	3.266925	35.936176	0.507024
3725.472979	3.266515	65.917969	-342.480469
3725.474979	3.266809	65.917969	-342.480469
3725.476979	3.266699	35.933685	0.327272
3726.517014	3.266566	168.750000	21.679687
3726.519015	3.267089	168.750000	21.679687
3726.521017	3.266854	35.935394	0.329172
3727.563034	3.266802	64.648437	-344.433594
3727.565037	3.266639	64.648437	-344.433594
3727.569034	3.266641	35.933056	0.319511
3728.599069	3.265378	168.652344	23.046875
3728.601072	3.266848	168.652344	23.046875
3728.603072	3.266663	168.652344	23.046875
3728.605071	3.266640	35.933041	0.333719
3729.647100	3.267119	69.726562	-338.281250
3729.651105	3.267143	69.726562	-338.281250
3729.653103	3.267118	35.938301	0.505856
3730.685091	3.266237	163.476562	26.269531
3730.687094	3.266807	163.476562	26.269531
3730.689094	3.266567	35.932240	0.339738
3731.731135	3.265140	61.328125	-354.492187
3731.733136	3.267337	61.328125	-354.492187
3731.735138	3.267166	61.328125	-354.492187
3731.737137	3.267180	35.938976	0.309087
3732.773163	3.266544	158.691406	29.492187
3732.775164	3.266731	158.691406	29.492187
3732.777165	3.266625	35.932880	0.396700
3733.811201	3.267072	67.480469	-349.414062
3733.813202	3.267330	67.480469	-349.414062
3733.815202	3.267142	35.938560	0.309164
3734.861788	3.266911	165.527344	29.296875
3734.863789	3.266876	165.527344	29.296875
3734.865790	3.266794	35.934731	0.665628
3735.888755	3.265194	61.816406	-356.835937
3735.890756	3.266908	61.816406	-356.835937
3735.892756	3.266805	61.816406	-356.835937
3735.894757	3.266730	35.934032	0.305449
3736.954824	3.266844	156.542969	31.640625
3736.956827	3.266745	156.542969	31.640625
3736.958827	3.266682	35.933498	0.336826
3737.968888	3.266860	54.687500	-362.988281
3737.970890	3.266728	54.687500	-362.988281
3737.972890	3.266732	35.934055	0.316792
3739.042996	3.265762	162.011719	29.980469
3739.046996	3.266765	162.011719	29.980469
3739.048997	3.266647	162.011719	29.980469
3739.050997	3.266672	35.933395	0.331041
3740.051043	3.266896	68.066406	-340.332031
3740.053045	3.266689	68.066406	-340.332031
3740.055045	3.266620	35.932816	0.323875
3741.129047	3.266839	170.019531	27.148437
3741.131049	3.266774	170.019531	27.148437
3741.133049	3.266723	35.933952	0.330617
3742.133620	3.263258	63.378906	-347.656250
3742.135623	3.266968	63.378906	-347.656250
3742.137622	3.267157	63.378906	-347.656250
3742.139622	3.266994	35.936928	0.336492
3743.213677	3.266898	173.437500	23.535156
3743.215680	3.266735	173.437500	23.535156
3743.217680	3.266678	35.933453	0.318290
3744.224683	2.746558	58.984375	-351.757812
3744.226685	3.267316	58.984375	-351.757812
3744.228684	3.267131	58.984375	-351.757812
3744.230685	3.267110	35.938206	0.333706
3745.288722	3.265000	168.261719	21.875000
3745.290723	3.266938	168.261719	21.875000
3745.292723	3.266748	168.261719	21.875000
3745.294722	3.266736	35.934093	0.324554
3746.314728	3.265751	65.625000	-341.992187
3746.316731	3.267242	65.625000	-341.992187
3746.318731	3.267093	65.625000	-341.992187
3746.320730	3.267061	35.937664	0.334005
3747.368757	3.266865	171.875000	20.703125
3747.370758	3.266716	171.875000	20.703125
3747.372759	3.266682	35.933498	0.337487
3748.405287	3.266383	60.058594	-345.703125
3748.407289	3.266783	60.058594	-345.703125
3748.409288	3.266666	35.933331	0.325965
3749.449360	3.265661	168.066406	22.558594
3749.451361	3.266907	168.066406	22.558594
3749.453362	3.266757	168.066406	22.558594
3749.455361	3.266721	35.933933	0.337918
3750.495912	3.266911	62.011719	-343.261719
3750.497914	3.266716	62.011719	-343.261719
3750.499914	3.266656	35.933216	0.320812
3751.532458	3.266586	158.886719	26.757812
3751.534461	3.266751	158.886719	26.757812
3751.536463	3.266757	35.934326	0.335087
3752.582510	3.266883	54.199219	-354.394531
3752.584510	3.266779	54.199219	-354.394531
3752.586514	3.266723	35.933952	0.316546
3753.616522	3.265336	155.566406	29.492187
3753.618525	3.267246	155.566406	29.492187
3753.620527	3.266949	155.566406	29.492187
3753.622528	3.266873	35.935600	0.345132
3754.664594	3.266443	59.570312	-351.074219
3754.666595	3.266744	59.570312	-351.074219
3754.668596	3.266700	35.933697	0.314126
3755.702677	3.267042	160.937500	30.664062
3755.704680	3.266916	160.937500	30.664062
3755.706680	3.266937	35.936310	0.344811
3756.749212	3.263863	51.953125	-361.816406
3756.751213	3.266758	51.953125	-361.816406
3756.753214	3.266711	51.953125	-361.816406
3756.755216	3.266683	35.933510	0.312664
3757.789240	3.267156	150.878906	33.593750
3757.791241	3.267162	150.878906	33.593750
3757.793244	3.267101	35.938107	0.339674
3758.831294	3.266154	59.179687	-355.175781
3758.833296	3.266948	59.179687	-355.175781
3758.835297	3.266774	59.179687	-355.175781
3758.837297	3.266661	35.933266	0.314924
3759.873368	3.266686	156.542969	33.398437
3759.875368	3.266897	156.542969	33.398437
3759.877370	3.266704	35.933746	0.420634
3760.913956	3.264610	63.867187	-349.707031
3760.915958	3.267102	63.867187	-349.707031
3760.917958	3.267008	63.867187	-349.707031
3760.919958	3.266926	35.936184	0.316678
3761.957998	3.266221	150.390625	34.570312
3761.960000	3.266253	150.390625	34.570312
3761.962001	3.266951	150.390625	34.570312
3761.964001	3.266981	35.936787	0.339131
3763.002031	3.265200	63.867187	-349.707031
3763.004033	3.266818	63.867187	-349.707031
3763.006033	3.266679	63.867187	-349.707031
3763.008035	3.266720	35.933914	0.311544
3764.040026	3.266093	154.882812	34.082031
3764.042027	3.267006	154.882812	34.082031
3764.044029	3.266853	154.882812	34.082031
3764.046029	3.266865	35.935509	0.350451
3765.086105	3.264042	65.039062	-346.972656
3765.088107	3.266907	65.039062	-346.972656
3765.090108	3.266857	65.039062	-346.972656
3765.094107	3.266848	35.935326	0.319640
3766.126121	3.266321	155.566406	33.789062
3766.128123	3.267066	155.566406	33.789062
3766.130123	3.266818	35.934998	0.340192
3767.174680	3.266791	62.890625	-347.753906
3767.176681	3.266670	62.890625	-347.753906
3767.178683	3.266541	35.931957	0.308126
3768.209233	3.264749	149.218750	34.472656
3768.211235	3.267054	149.218750	34.472656
3768.213235	3.267048	149.218750	34.472656
3768.215238	3.267022	35.937237	0.340518
3769.257278	3.264614	52.539062	-355.371094
3769.261280	3.266977	52.539062	-355.371094
3769.263279	3.266946	52.539062	-355.371094
3769.267280	3.266864	35.935501	0.316601
3770.295311	3.266745	161.035156	31.347656
3770.297313	3.266845	161.035156	31.347656
3770.299311	3.266836	35.935192	0.542567
3771.343361	3.265909	64.160156	-339.648437
3771.345363	3.266980	64.160156	-339.648437
3771.347363	3.266870	64.160156	-339.648437
3771.349364	3.266819	35.935005	0.319831
3772.379365	3.265612	154.589844	29.785156
3772.381365	3.267222	154.589844	29.785156
3772.383367	3.267035	154.589844	29.785156
3772.385368	3.267048	35.937531	0.336089
3773.425401	3.266214	57.226562	-344.335937
3773.427403	3.267015	57.226562	-344.335937
3773.429401	3.266878	35.935661	0.322374
3774.467462	3.266541	151.562500	28.710937
3774.469465	3.266857	151.562500	28.710937
3774.471464	3.266708	35.933792	0.332330
3775.509536	3.266994	49.707031	-349.511719
3775.511539	3.267201	49.707031	-349.511719
3775.513537	3.267083	35.937912	0.325996
3776.555526	3.265568	162.597656	25.976562
3776.557528	3.265595	162.597656	25.976562
3776.559527	3.266837	162.597656	25.976562
3776.563526	3.266768	35.934448	0.328192
3777.588113	3.266373	64.062500	-337.792969
3777.590115	3.266925	64.062500	-337.792969
3777.592114	3.266788	35.934669	0.328254
3778.646148	3.267031	157.910156	27.734375
3778.648149	3.266860	157.910156	27.734375
3778.650149	3.266784	35.934624	0.327958
3779.668196	3.266547	55.761719	-346.875000
3779.670198	3.266790	55.761719	-346.875000
3779.672197	3.266667	35.933338	0.330601
3780.734278	3.266086	158.984375	30.371094
3780.736280	3.267059	158.984375	30.371094
3780.738279	3.266847	158.984375	30.371094
3780.740278	3.266858	35.935440	0.323339
3781.748346	3.266777	62.402344	-341.601562
3781.750347	3.266811	62.402344	-341.601562
3781.752348	3.266686	35.933544	0.333611
3782.823329	3.266418	151.562500	34.667969
3782.825330	3.266947	151.562500	34.667969
3782.827330	3.266811	35.934925	0.324617
3783.827406	3.263155	53.320312	-351.953125
3783.829408	3.266732	53.320312	-351.953125
3783.831409	3.266796	53.320312	-351.953125
3783.833408	3.266855	35.935406	0.336988
3784.907516	3.265760	151.660156	36.816406
3784.909516	3.266898	151.660156	36.816406
3784.913515	3.266680	151.660156	36.816406
3784.915516	3.266640	35.933041	0.328329
3785.915563	3.265355	49.316406	-358.496094
3785.917563	3.267137	49.316406	-358.496094
3785.919565	3.266850	49.316406	-358.496094
3785.921563	3.266865	35.935509	0.320181
3786.989652	3.266234	143.359375	39.453125
3786.991653	3.266855	143.359375	39.453125
3786.993652	3.266713	35.933846	0.330680
3788.005740	3.266840	56.640625	-354.394531
3788.007743	3.266754	56.640625	-354.394531
3788.009741	3.266698	35.933678	0.731352
3789.068687	3.266958	148.730469	39.843750
3789.070688	3.266880	148.730469	39.843750
3789.072688	3.266762	35.934383	0.621204
3790.097641	3.267299	59.960937	-353.808594
3790.099642	3.267184	35.939022	0.350564
3791.150620	3.267186	150.097656	39.550781
3791.152622	3.266993	35.936920	0.337460
3792.184659	3.266869	56.250000	-357.226562
3792.186660	3.266840	56.250000	-357.226562
3792.188659	3.266703	35.933731	0.558967
3793.229165	3.264656	142.968750	39.648437
3793.231174	3.266972	142.968750	39.648437
3793.233177	3.266901	142.968750	39.648437
3793.235176	3.266804	35.934837	0.337314
3794.271219	3.266306	53.808594	-357.128906
3794.273221	3.267048	53.808594	-357.128906
3794.275220	3.267010	35.937115	0.316703
3795.311273	3.263908	141.699219	39.062500
3795.313277	3.264138	141.699219	39.062500
3795.315276	3.266780	141.699219	39.062500
3795.317276	3.266670	35.933369	0.338938
3796.357344	3.266881	56.542969	-350.390625
3796.359346	3.267199	56.542969	-350.390625
3796.361347	3.267056	35.937611	0.315770
3797.400315	3.266661	145.996094	37.890625
3797.402316	3.266666	145.996094	37.890625
3797.404316	3.266584	35.932426	0.339546
3798.442813	3.266737	53.710937	-350.390625
3798.444817	3.266922	53.710937	-350.390625
3798.446816	3.266785	35.934635	0.540615
3799.481353	3.266463	144.921875	37.695312
3799.483355	3.266908	144.921875	37.695312
3799.485357	3.266737	35.934109	0.335820
3800.527400	3.265538	51.464844	-350.976562
3800.529403	3.266936	51.464844	-350.976562
3800.533400	3.266695	51.464844	-350.976562
3800.535403	3.266736	35.934093	0.313197
3801.567467	3.267024	143.945312	38.183594
3801.569471	3.267099	143.945312	38.183594
3801.571470	3.267014	35.937153	0.495144
3802.611498	3.266655	56.542969	-346.679687
3802.613500	3.266986	56.542969	-346.679687
3802.615500	3.266986	35.936852	0.321505
3803.650038	3.263525	144.433594	38.476562
3803.654037	3.267012	144.433594	38.476562
3803.656039	3.266886	144.433594	38.476562
3803.658040	3.266767	35.934441	0.338494
3804.696079	3.267016	49.511719	-354.492187
3804.698081	3.267059	49.511719	-354.492187
3804.700081	3.267066	35.937725	0.349448
3805.736100	3.264979	140.039062	40.234375
3805.740099	3.266935	140.039062	40.234375
3805.742103	3.266923	140.039062	40.234375
3805.744103	3.266935	35.936279	0.334695
3806.780131	3.265432	43.066406	-362.207031
3806.782134	3.267063	43.066406	-362.207031
3806.784133	3.266749	43.066406	-362.207031
3806.786133	3.266732	35.934055	0.315642
3807.822195	3.265420	136.328125	42.089844
3807.824196	3.267218	136.328125	42.089844
3807.828197	3.266923	136.328125	42.089844
3807.830199	3.266964	35.936607	0.337696
3808.862267	3.265486	49.902344	-359.765625
3808.864270	3.266876	49.902344	-359.765625
3808.866269	3.266681	49.902344	-359.765625
3808.870267	3.266700	35.933697	0.311478
3809.910358	3.265557	134.277344	44.042969
3809.912359	3.266933	134.277344	44.042969
3809.914361	3.266720	134.277344	44.042969
3809.916359	3.266641	35.933056	0.336801
3810.944373	3.267041	42.578125	-367.480469
3810.946374	3.267138	42.578125	-367.480469
3810.948374	3.267015	35.937168	0.415297
3812.000443	3.267195	141.503906	43.945312
3812.002445	3.267073	141.503906	43.945312
3812.004445	3.266989	35.936874	0.330783
3813.025026	3.266830	55.468750	-354.003906
3813.027030	3.266825	55.468750	-354.003906
3813.029029	3.266741	35.934147	0.310071
3814.088003	3.265967	138.183594	44.335937
3814.092005	3.266783	138.183594	44.335937
3814.094006	3.266635	138.183594	44.335937
3814.096007	3.266664	35.933304	0.331109
3815.104028	3.266145	41.796875	-362.695312
3815.106032	3.266865	41.796875	-362.695312
3815.108032	3.266716	35.933880	0.313477
3816.178094	3.266619	143.164062	42.773437
3816.180097	3.266885	143.164062	42.773437
3816.182096	3.266693	35.933624	0.328693
3817.186663	3.266833	42.675781	-356.640625
3817.188666	3.266670	35.933376	0.319850
3818.266662	3.267115	141.894531	41.601562
3818.268665	3.267151	35.938656	0.324312
3819.268691	3.264774	40.234375	-354.785156
3819.270692	3.267166	40.234375	-354.785156
3819.272692	3.267078	40.234375	-354.785156
3819.274691	3.266981	35.936787	0.324166
3820.346738	3.266729	146.484375	39.062500
3820.348740	3.267366	146.484375	39.062500
3820.350740	3.267205	35.939259	0.323054
3821.357267	3.266989	52.343750	-343.164062
3821.359269	3.267146	52.343750	-343.164062
3821.361269	3.267025	35.937275	0.479615
3822.429328	3.266016	140.625000	37.500000
3822.431333	3.267363	140.625000	37.500000
3822.433332	3.267156	140.625000	37.500000
3822.435337	3.267064	35.937706	0.320503
3823.447364	3.267123	34.960937	-351.367187
3823.449366	3.267068	35.937744	0.582199
3824.509382	3.264299	148.925781	34.570312
3824.511385	3.266986	148.925781	34.570312
3824.513384	3.266978	148.925781	34.570312
3824.515385	3.267020	35.937222	0.326906
3825.532337	3.265912	46.679687	-341.796875
3825.536338	3.266904	46.679687	-341.796875
3825.538339	3.266840	46.679687	-341.796875
3825.540338	3.266831	35.935139	0.324244
3826.590377	3.263924	140.332031	34.863281
3826.592379	3.266704	140.332031	34.863281
3826.594380	3.266727	140.332031	34.863281
3826.596379	3.266660	35.933258	0.326838
3827.622428	3.267243	49.902344	-338.183594
3827.624431	3.267034	49.902344	-338.183594
3827.626429	3.267043	35.937469	0.323542
3828.672994	3.265578	138.574219	35.253906
3828.674997	3.267178	138.574219	35.253906
3828.676996	3.266943	138.574219	35.253906
3828.678996	3.266879	35.935669	0.325264
3829.709091	3.267189	54.296875	-334.277344
3829.711093	3.267226	54.296875	-334.277344
3829.713091	3.267287	35.940155	0.321098
3830.756086	3.266721	135.742187	36.718750
3830.758089	3.266769	135.742187	36.718750
3830.760089	3.266689	35.933578	0.506723
3831.796074	3.266476	39.941406	-344.335937
3831.798077	3.267147	39.941406	-344.335937
3831.800076	3.266929	35.936222	0.313810
3832.838104	3.265780	138.085937	37.695312
3832.840105	3.266818	138.085937	37.695312
3832.842105	3.266644	138.085937	37.695312
3832.844104	3.266618	35.932796	0.323657
3833.880121	3.266994	47.851562	-339.648437
3833.882123	3.267083	47.851562	-339.648437
3833.884122	3.267022	35.937237	0.546918
3834.922675	3.266534	144.824219	38.183594
3834.924675	3.266857	144.824219	38.183594
3834.926676	3.266705	35.933754	0.326429
3835.964657	3.265054	44.335937	-342.578125
3835.966659	3.267084	44.335937	-342.578125
3835.968659	3.267004	44.335937	-342.578125
3835.970659	3.266952	35.936466	0.318864
3837.012667	3.267069	140.234375	39.843750
3837.014667	3.267042	35.937462	0.399020
3838.051246	3.266640	35.644531	-348.242187
3838.053248	3.266940	35.644531	-348.242187
3838.055250	3.266804	35.934837	0.313715
3839.089276	3.266844	138.085937	40.332031
3839.091279	3.267034	138.085937	40.332031
3839.093279	3.266884	35.935722	0.430248
3840.135314	3.266858	40.039062	-345.312500
3840.137314	3.266855	40.039062	-345.312500
3840.139315	3.266836	35.935192	0.320250
3841.177365	3.267003	130.859375	40.429687
3841.179367	3.266830	130.859375	40.429687
3841.181368	3.266817	35.934990	0.319304
3842.221425	3.267248	43.945312	-341.699219
3842.223427	3.267158	43.945312	-341.699219
3842.225428	3.267090	35.937992	0.315379
3843.259962	3.266652	135.449219	40.234375
3843.261965	3.266886	135.449219	40.234375
3843.263965	3.266679	35.933472	0.386182
3844.306092	3.266795	31.542969	-347.949219
3844.308092	3.266790	31.542969	-347.949219
3844.310092	3.266748	35.934223	0.312295
3845.344203	3.264028	134.179687	39.062500
3845.346203	3.266714	134.179687	39.062500
3845.348204	3.266766	134.179687	39.062500
3845.352203	3.266583	35.932419	0.327106
3846.388261	3.266313	35.644531	-343.847656
3846.390263	3.266773	35.644531	-343.847656
3846.392266	3.266592	35.932514	0.312795
3847.432313	3.266650	132.714844	38.378906
3847.434316	3.267335	132.714844	38.378906
3847.436318	3.267041	35.937450	0.316494
3848.470296	2.309322	38.281250	-341.113281
3848.472298	3.266972	38.281250	-341.113281
3848.474298	3.266869	38.281250	-341.113281
3848.476297	3.266891	35.935802	0.317448
3849.518378	3.266388	137.402344	37.304687
3849.520380	3.266828	137.402344	37.304687
3849.522380	3.266701	35.933712	0.315332
3850.554481	3.267107	45.996094	-335.156250
3850.556484	3.266931	35.936237	0.326321
3851.607047	3.266986	140.722656	37.011719
3851.609049	3.266780	140.722656	37.011719
3851.613046	3.266707	35.933773	0.314984
3852.635661	3.266330	45.800781	-335.351562
3852.637663	3.266836	45.800781	-335.351562
3852.641662	3.266609	35.932701	0.313665
3853.694609	3.267085	133.789062	38.476562
3853.696611	3.266934	133.789062	38.476562
3853.698613	3.266831	35.935139	0.315534
3854.714663	3.265817	49.804687	-333.203125
3854.718665	3.267152	49.804687	-333.203125
3854.720666	3.267038	49.804687	-333.203125
3854.722665	3.267024	35.937263	0.328379
3855.783639	3.267155	138.671875	40.136719
3855.785642	3.266990	35.936893	0.312407
3856.800177	3.266945	29.296875	-346.679687
3856.802180	3.266815	29.296875	-346.679687
3856.804183	3.266861	35.935474	0.320935
3857.870236	3.267036	136.816406	42.871094
3857.872237	3.266735	136.816406	42.871094
3857.874240	3.266651	35.933163	0.316787
3858.878256	3.262607	42.968750	-341.406250
3858.880257	3.266534	42.968750	-341.406250
3858.882258	3.266778	42.968750	-341.406250
3858.884258	3.266649	35.933136	0.317669
3859.958809	3.266948	130.371094	46.093750
3859.960811	3.266841	35.935253	0.378360
3860.964820	3.267032	47.265625	-340.625000
3860.968820	3.266950	35.936451	0.317344
3862.038848	3.266534	135.644531	47.851562
3862.040851	3.266686	135.644531	47.851562
3862.042850	3.266597	35.932568	0.323511
3863.051460	3.266848	39.746094	-348.632812
3863.053462	3.266762	39.746094	-348.632812
3863.055462	3.266700	35.933704	0.304848
3864.122006	3.265273	132.031250	49.902344
3864.124008	3.267019	132.031250	49.902344
3864.126009	3.266817	132.031250	49.902344
3864.128008	3.266874	35.935616	0.315673
3865.138573	3.266737	31.738281	-357.617187
3865.140575	3.266649	35.933144	0.299548
3866.204597	3.266774	122.070312	51.367187
3866.206598	3.267144	122.070312	51.367187
3866.208597	3.266879	35.935669	0.313458
3867.224705	3.266799	45.800781	-350.878906
3867.226707	3.267228	45.800781	-350.878906
3867.230706	3.267020	35.937222	0.296795
3868.284723	3.265453	123.046875	52.539062
3868.286724	3.266844	123.046875	52.539062
3868.288724	3.266750	123.046875	52.539062
3868.290723	3.266667	35.933338	0.315423
3869.312775	3.266637	38.085937	-357.519531
3869.318776	3.266690	38.085937	-357.519531
3869.320777	3.266791	35.934704	0.327431
3870.364775	3.266431	124.609375	52.734375
3870.366777	3.267278	124.609375	52.734375
3870.368777	3.267165	124.609375	52.734375
3870.370779	3.267147	35.938614	0.320693
3871.400797	3.266429	29.492187	-361.328125
3871.402799	3.266718	29.492187	-361.328125
3871.404798	3.266613	35.932739	0.295359
3872.448836	3.266537	118.359375	52.246094
3872.450838	3.266666	118.359375	52.246094
3872.452840	3.266560	35.932159	0.320003
3873.486888	3.266199	33.496094	-357.031250
3873.488892	3.266864	33.496094	-357.031250
3873.490890	3.266670	35.933369	0.300491
3874.532912	3.266812	126.269531	51.660156
3874.534912	3.266674	35.933411	0.317028
3875.571476	3.266234	38.574219	-351.757812
3875.573478	3.267291	38.574219	-351.757812
3875.575478	3.267172	38.574219	-351.757812
3875.577479	3.267109	35.938194	0.303519
3876.615543	3.266425	118.750000	51.562500
3876.617545	3.266972	118.750000	51.562500
3876.619546	3.266840	35.935246	0.311129
3877.657607	3.266618	31.445312	-354.296875
3877.659609	3.267321	31.445312	-354.296875
3877.661607	3.267056	35.937611	0.301817
3878.701626	3.266817	125.488281	52.148437
3878.703629	3.266724	125.488281	52.148437
3878.705628	3.266639	35.933029	0.312629
3879.742188	3.266967	40.527344	-348.632812
3879.744191	3.266924	40.527344	-348.632812
3879.746188	3.266849	35.935341	0.308430
3880.784769	3.266596	123.925781	52.246094
3880.786770	3.266816	123.925781	52.246094
3880.790769	3.266652	35.933170	0.413141
3881.826834	3.266711	37.792969	-351.074219
3881.828834	3.266921	37.792969	-351.074219
3881.830835	3.266749	35.934235	0.335270
3882.868924	3.265781	123.730469	53.320312
3882.870922	3.266911	123.730469	53.320312
3882.872923	3.266755	123.730469	53.320312
3882.874922	3.266700	35.933697	0.315676
3883.908993	3.265583	33.398437	-354.589844
3883.910993	3.266881	33.398437	-354.589844
3883.912993	3.266639	33.398437	-354.589844
3883.914994	3.266675	35.933418	0.300991
3884.955068	3.265914	120.996094	54.589844
3884.957071	3.267070	120.996094	54.589844
3884.959070	3.267000	120.996094	54.589844
3884.961070	3.266853	35.935379	0.316799
3885.997127	3.266754	30.371094	-358.105469
3885.999128	3.266725	30.371094	-358.105469
3886.001128	3.266830	35.935131	0.293892
3887.045183	3.267319	124.414062	55.078125
3887.047187	3.267152	35.938675	0.307729
3888.074179	3.267105	29.394531	-358.203125
3888.076183	3.266836	29.394531	-358.203125
3888.078182	3.266804	35.934837	0.302042
3889.132242	3.266972	114.550781	54.980469
3889.134243	3.266870	114.550781	54.980469
3889.136244	3.266901	35.935909	0.308517
3890.152796	3.265738	33.593750	-353.320312
3890.154798	3.267085	33.593750	-353.320312
3890.156798	3.266898	33.593750	-353.320312
3890.158799	3.266913	35.936043	0.303547
3891.218840	3.266859	120.703125	54.980469
3891.220843	3.267193	120.703125	54.980469
3891.222843	3.267191	35.939102	0.306762
3892.234884	3.264493	28.417969	-352.539062
3892.236887	3.264702	28.417969	-352.539062
3892.238886	3.266788	28.417969	-352.539062
3892.240887	3.266631	35.932941	0.301213
3893.304957	3.265151	120.996094	54.101562
3893.306958	3.266860	120.996094	54.101562
3893.308957	3.266824	120.996094	54.101562
3893.310958	3.266711	35.933826	0.311983
3894.321006	3.267164	18.750000	-353.027344
3894.323007	3.267039	35.937424	0.587105
3895.393042	3.266976	125.878906	52.734375
3895.395048	3.266794	125.878906	52.734375
3895.397045	3.266774	35.934517	0.311489
3896.401590	3.266352	26.171875	-345.019531
3896.403593	3.266921	26.171875	-345.019531
3896.405592	3.266716	35.933872	0.302373
3897.477650	3.266675	121.484375	51.074219
3897.479652	3.266877	121.484375	51.074219
3897.481652	3.266789	35.934677	0.337177
3898.487678	3.267272	31.152344	-338.671875
3898.489680	3.267023	31.152344	-338.671875
3898.495678	3.266976	35.936733	0.308509
3899.561713	3.266969	128.808594	49.121094
3899.563717	3.266847	128.808594	49.121094
3899.565719	3.266764	35.934402	0.306232
3900.574265	3.266895	21.582031	-340.234375
3900.576268	3.266894	21.582031	-340.234375
3900.578267	3.266881	35.935696	0.528904
3901.644300	3.266917	121.972656	47.558594
3901.646304	3.266737	121.972656	47.558594
3901.648302	3.266738	35.934120	0.305071
3902.660363	3.266258	35.253906	-331.054687
3902.662363	3.267001	35.253906	-331.054687
3902.666362	3.266712	35.933838	0.311546
3903.724917	3.266579	133.203125	45.703125
3903.726917	3.267168	133.203125	45.703125
3903.728919	3.267015	35.937168	0.301784
3904.746938	3.266815	26.757812	-333.203125
3904.748938	3.267294	26.757812	-333.203125
3904.750940	3.267129	35.938419	0.304330
3905.808981	3.266889	128.808594	45.117187
3905.810982	3.266670	128.808594	45.117187
3905.812984	3.266641	35.933056	0.300486
3906.835548	3.267061	39.746094	-325.781250
3906.837552	3.266966	39.746094	-325.781250
3906.839550	3.266931	35.936237	0.302099
3907.888483	3.266532	126.269531	44.921875
3907.890484	3.266916	126.269531	44.921875
3907.894483	3.266704	35.933746	0.305787
3908.920557	3.266023	27.734375	-330.664062
3908.922555	3.266739	27.734375	-330.664062
3908.924555	3.266698	27.734375	-330.664062
3908.926555	3.266571	35.932278	0.301083
3909.972599	3.266123	123.632812	45.214844
3909.974599	3.267050	123.632812	45.214844
3909.976600	3.266805	123.632812	45.214844
3909.980598	3.266826	35.935085	0.302712
3911.006654	3.266819	36.914062	-326.074219
3911.008655	3.266816	36.914062	-326.074219
3911.010657	3.266802	35.934822	0.304769
3912.061178	3.266969	118.847656	45.312500
3912.063180	3.266937	35.936310	0.380872
3913.093228	3.247675	37.890625	-325.000000
3913.095232	3.266745	37.890625	-325.000000
3913.097230	3.266757	35.934326	0.300831
3914.140176	3.265816	120.410156	45.703125
3914.142179	3.266864	120.410156	45.703125
3914.144179	3.266643	120.410156	45.703125
3914.146179	3.266658	35.933243	0.301583
3915.178228	3.267242	35.742187	-325.097656
3915.180230	3.267005	35.937054	0.297580
3916.226824	3.266914	118.359375	45.996094
3916.228824	3.266716	118.359375	45.996094
3916.230824	3.266706	35.933765	0.299697
3917.258878	3.264807	28.417969	-328.222656
3917.260881	3.266971	28.417969	-328.222656
3917.262881	3.266974	28.417969	-328.222656
3917.264880	3.266861	35.935474	0.307636
3918.312923	3.266695	128.320312	45.800781
3918.314925	3.266648	35.933125	0.301266
3919.343469	3.266289	23.925781	-329.492187
3919.345472	3.267219	23.925781	-329.492187
3919.347471	3.266952	23.925781	-329.492187
3919.349471	3.266927	35.936203	0.302240
3920.397487	3.266950	128.125000	45.996094
3920.401488	3.266746	35.934208	0.294678
3921.429529	3.266728	30.175781	-326.757812
3921.431532	3.266665	35.933311	0.373393
3922.480112	3.264115	120.703125	46.289062
3922.482115	3.266706	120.703125	46.289062
3922.484114	3.266720	120.703125	46.289062
3922.486115	3.266695	35.933651	0.302229
3923.510143	3.266348	24.804687	-328.710937
3923.512143	3.267027	24.804687	-328.710937
3923.514146	3.266719	35.933907	0.301992
3924.566211	3.264907	121.972656	46.777344
3924.568215	3.267004	121.972656	46.777344
3924.570214	3.266871	121.972656	46.777344
3924.572214	3.266819	35.935005	0.300930
3925.592294	3.264937	17.382812	-331.835937
3925.594295	3.266998	17.382812	-331.835937
3925.598293	3.266737	17.382812	-331.835937
3925.600296	3.266753	35.934280	0.303372
3926.654308	3.265938	122.167969	47.949219
3926.656309	3.266886	122.167969	47.949219
3926.658308	3.266737	122.167969	47.949219
3926.660309	3.266678	35.933453	0.298255
3927.674371	3.264457	26.757812	-329.199219
3927.676372	3.267085	26.757812	-329.199219
3927.678373	3.267052	26.757812	-329.199219
3927.680372	3.266934	35.936272	0.304110
3928.742427	3.266816	124.609375	49.316406
3928.744429	3.266705	35.933754	0.366286
3929.758960	3.266547	17.480469	-334.472656
3929.760963	3.266707	17.480469	-334.472656
3929.762962	3.266584	35.932426	0.295218
3930.827028	3.266439	123.046875	51.464844
3930.829027	3.267189	123.046875	51.464844
3930.831027	3.266963	35.936592	0.298692
3931.841532	3.265865	17.578125	-336.621094
3931.843536	3.266940	17.578125	-336.621094
3931.845538	3.266807	17.578125	-336.621094
3931.847538	3.266735	35.934082	0.293016
3932.913622	3.266669	123.925781	53.710937
3932.915624	3.267278	123.925781	53.710937
3932.917624	3.267022	35.937237	0.293836
3933.923616	3.264365	12.792969	-341.015625
3933.925616	3.266877	12.792969	-341.015625
3933.927617	3.266826	12.792969	-341.015625
3933.929618	3.266757	35.934334	0.297805
3934.997698	3.266073	118.847656	55.859375
3935.001699	3.266952	118.847656	55.859375
3935.003701	3.267011	118.847656	55.859375
3935.005699	3.266999	35.936993	0.297590
3936.009718	3.266827	25.097656	-338.281250
3936.011721	3.267328	25.097656	-338.281250
3936.013720	3.267158	35.938736	0.289401
3937.082256	3.264376	111.718750	57.421875
3937.084260	3.267189	111.718750	57.421875
3937.086259	3.267305	111.718750	57.421875
3937.088259	3.267151	35.938663	0.300651
3938.098315	3.266980	9.570312	-348.632812
3938.100317	3.266960	35.936558	0.600260
3939.164293	3.263986	109.277344	58.691406
3939.166295	3.266973	109.277344	58.691406
3939.168295	3.266915	109.277344	58.691406
3939.170298	3.266849	35.935333	0.295644
3940.182327	3.266491	24.609375	-345.410156
3940.186327	3.267021	24.609375	-345.410156
3940.188329	3.267002	35.937019	0.284336
3941.246348	3.265913	110.742187	60.058594
3941.248351	3.267124	110.742187	60.058594
3941.250351	3.266933	110.742187	60.058594
3941.252351	3.266940	35.936337	0.294120
3942.268346	3.265322	17.480469	-351.074219
3942.270350	3.267042	17.480469	-351.074219
3942.272349	3.266814	17.480469	-351.074219
3942.274348	3.266726	35.933987	0.290574
3943.326406	3.264700	107.324219	60.351562
3943.328408	3.267369	107.324219	60.351562
3943.330408	3.267387	107.324219	60.351562
3943.332408	3.267308	35.940392	0.308329
3944.358471	3.267057	12.597656	-353.710937
3944.362471	3.266766	12.597656	-353.710937
3944.364473	3.266850	35.935352	0.284592
3945.408510	3.264255	110.156250	61.230469
3945.410510	3.266860	110.156250	61.230469
3945.412512	3.266898	110.156250	61.230469
3945.414511	3.266732	35.934055	0.300841
