crossing time (s)	slope (V/s)	crossing number
281474976710655.000000	4.443763	2841	3773698304.000000
281474976710655.000000	4.516431	2842	3774750976.000000
281474976710655.000000	4.451525	2843	3775780096.000000
281474976710655.000000	4.499343	2844	3776836096.000000
281474976710655.000000	4.424426	2845	3777859328.000000
281474976710655.000000	4.465105	2846	3778918912.000000
281474976710655.000000	4.470788	2847	3779942400.000000
281474976710655.000000	4.534975	2848	3780997888.000000
281474976710655.000000	4.540509	2849	3782024704.000000
281474976710655.000000	4.450767	2850	3783080704.000000
281474976710655.000000	4.467385	2851	3784107264.000000
281474976710655.000000	4.526973	2852	3785163776.000000
281474976710655.000000	4.461440	2853	3786189312.000000
281474976710655.000000	4.555903	2854	3787246592.000000
281474976710655.000000	4.521964	2855	3788271616.000000
281474976710655.000000	4.609422	2856	3789327104.000000
281474976710655.000000	4.508484	2857	3790355200.000000
281474976710655.000000	4.560155	2858	3791406080.000000
281474976710655.000000	4.441696	2859	3792439040.000000
281474976710655.000000	4.657803	2860	3793487104.000000
281474976710655.000000	4.501268	2861	3794523904.000000
281474976710655.000000	4.524772	2862	3795567616.000000
281474976710655.000000	4.554374	2863	3796606720.000000
281474976710655.000000	4.591148	2864	3797651200.000000
281474976710655.000000	4.681510	2865	3798685184.000000
281474976710655.000000	4.507267	2866	3799736320.000000
281474976710655.000000	4.571360	2867	3800764160.000000
281474976710655.000000	4.627323	2868	3801819904.000000
281474976710655.000000	4.630610	2869	3802847744.000000
281474976710655.000000	4.674775	2870	3803899648.000000
281474976710655.000000	4.549135	2871	3804931072.000000
281474976710655.000000	4.670560	2872	3805978112.000000
281474976710655.000000	4.611804	2873	3807016960.000000
281474976710655.000000	4.628153	2874	3808059904.000000
281474976710655.000000	4.644036	2875	3809098496.000000
281474976710655.000000	4.630278	2876	3810145024.000000
281474976710655.000000	4.709068	2877	3811179008.000000
281474976710655.000000	4.655978	2878	3812228352.000000
281474976710655.000000	4.698385	2879	3813257984.000000
281474976710655.000000	4.640321	2880	3814313728.000000
281474976710655.000000	4.652246	2881	3815337728.000000
281474976710655.000000	4.677633	2882	3816396032.000000
281474976710655.000000	4.659763	2883	3817421824.000000
281474976710655.000000	4.719690	2884	3818477824.000000
281474976710655.000000	4.658724	2885	3819504128.000000
281474976710655.000000	4.726742	2886	3820559872.000000
281474976710655.000000	4.662576	2887	3821585664.000000
281474976710655.000000	4.759099	2888	3822641920.000000
281474976710655.000000	4.652575	2889	3823667456.000000
281474976710655.000000	4.741706	2890	3824722432.000000
281474976710655.000000	4.697042	2891	3825750272.000000
281474976710655.000000	4.717149	2892	3826806016.000000
281474976710655.000000	4.693055	2893	3827831040.000000
281474976710655.000000	4.721561	2894	3828887808.000000
281474976710655.000000	4.747852	2895	3829914880.000000
281474976710655.000000	4.690489	2896	3830969856.000000
281474976710655.000000	4.772559	2897	3831998464.000000
281474976710655.000000	4.788131	2898	3833048832.000000
281474976710655.000000	4.768198	2899	3834081792.000000
281474976710655.000000	4.762916	2900	3835128832.000000
281474976710655.000000	4.765034	2901	3836167168.000000
281474976710655.000000	4.772071	2902	3837208576.000000
281474976710655.000000	4.760272	2903	3838247680.000000
281474976710655.000000	4.746567	2904	3839294208.000000
281474976710655.000000	4.723470	2905	3840327936.000000
281474976710655.000000	4.835781	2906	3841377280.000000
281474976710655.000000	4.759807	2907	3842408448.000000
281474976710655.000000	4.763036	2908	3843462144.000000
281474976710655.000000	4.718870	2909	3844487936.000000
281474976710655.000000	4.741408	2910	3845543680.000000
281474976710655.000000	4.725873	2911	3846571008.000000
281474976710655.000000	4.768319	2912	3847625472.000000
281474976710655.000000	4.796325	2913	3848655872.000000
281474976710655.000000	4.809174	2914	3849704960.000000
281474976710655.000000	4.851191	2915	3850741248.000000
281474976710655.000000	4.793874	2916	3851785728.000000
281474976710655.000000	4.818265	2917	3852823808.000000
281474976710655.000000	4.826016	2918	3853866496.000000
281474976710655.000000	4.811676	2919	3854905600.000000
281474976710655.000000	4.792426	2920	3855948032.000000
281474976710655.000000	4.774102	2921	3856987392.000000
281474976710655.000000	4.824560	2922	3858031360.000000
281474976710655.000000	4.751230	2923	3859067136.000000
281474976710655.000000	4.853934	2924	3860114432.000000
281474976710655.000000	4.761443	2925	3861150720.000000
281474976710655.000000	4.854520	2926	3862195968.000000
281474976710655.000000	4.758671	2927	3863232000.000000
281474976710655.000000	4.824139	2928	3864277504.000000
281474976710655.000000	4.821280	2929	3865315584.000000
281474976710655.000000	4.854362	2930	3866359808.000000
281474976710655.000000	4.829888	2931	3867398400.000000
281474976710655.000000	4.812066	2932	3868440576.000000
281474976710655.000000	4.861702	2933	3869478656.000000
281474976710655.000000	4.847723	2934	3870523648.000000
281474976710655.000000	4.930496	2935	3871558656.000000
281474976710655.000000	4.859078	2936	3872609024.000000
281474976710655.000000	4.887938	2937	3873640448.000000
281474976710655.000000	4.798486	2938	3874693632.000000
281474976710655.000000	4.874914	2939	3875719680.000000
281474976710655.000000	4.856187	2940	3876775168.000000
281474976710655.000000	4.842035	2941	3877802496.000000
281474976710655.000000	4.905838	2942	3878857728.000000
281474976710655.000000	4.898804	2943	3879886592.000000
281474976710655.000000	4.951408	2944	3880936192.000000
281474976710655.000000	4.860434	2945	3881971200.000000
281474976710655.000000	4.929525	2946	3883016704.000000
281474976710655.000000	4.839873	2947	3884054272.000000
281474976710655.000000	4.871343	2948	3885097216.000000
281474976710655.000000	4.871788	2949	3886138112.000000
281474976710655.000000	4.887248	2950	3887180032.000000
281474976710655.000000	4.935732	2951	3888217088.000000
281474976710655.000000	4.881761	2952	3889263104.000000
281474976710655.000000	4.936516	2953	3890298368.000000
281474976710655.000000	4.885230	2954	3891346432.000000
281474976710655.000000	4.950934	2955	3892379392.000000
281474976710655.000000	4.930079	2956	3893429760.000000
281474976710655.000000	4.942965	2957	3894461184.000000
281474976710655.000000	4.893621	2958	3895513344.000000
281474976710655.000000	4.946709	2959	3896541184.000000
281474976710655.000000	4.899734	2960	3897595136.000000
281474976710655.000000	4.967270	2961	3898624000.000000
281474976710655.000000	4.915373	2962	3899678208.000000
281474976710655.000000	4.956156	2963	3900707584.000000
281474976710655.000000	4.919332	2964	3901759744.000000
281474976710655.000000	4.954857	2965	3902789120.000000
281474976710655.000000	4.936643	2966	3903840000.000000
281474976710655.000000	4.976917	2967	3904871936.000000
281474976710655.000000	4.948457	2968	3905920256.000000
281474976710655.000000	4.975242	2969	3906955520.000000
281474976710655.000000	4.988247	2970	3908002048.000000
281474976710655.000000	4.966127	2971	3909040384.000000
281474976710655.000000	4.964460	2972	3910083328.000000
281474976710655.000000	4.973095	2973	3911122944.000000
281474976710655.000000	4.955588	2974	3912165120.000000
281474976710655.000000	4.943137	2975	3913202176.000000
281474976710655.000000	4.994874	2976	3914249216.000000
281474976710655.000000	4.953068	2977	3915282688.000000
281474976710655.000000	5.009785	2978	3916333312.000000
281474976710655.000000	4.954121	2979	3917365504.000000
281474976710655.000000	5.058090	2980	3918417664.000000
281474976710655.000000	4.975760	2981	3919444480.000000
281474976710655.000000	5.006000	2982	3920500224.000000
281474976710655.000000	4.982501	2983	3921526784.000000
281474976710655.000000	4.967258	2984	3922580224.000000
281474976710655.000000	5.003556	2985	3923609600.000000
281474976710655.000000	4.987105	2986	3924663040.000000
281474976710655.000000	5.031489	2987	3925693184.000000
281474976710655.000000	5.018733	2988	3926743808.000000
281474976710655.000000	5.021816	2989	3927777280.000000
281474976710655.000000	5.006620	2990	3928823040.000000
281474976710655.000000	5.052690	2991	3929860352.000000
281474976710655.000000	5.018431	2992	3930906368.000000
281474976710655.000000	5.017003	2993	3931942656.000000
281474976710655.000000	5.011899	2994	3932987904.000000
281474976710655.000000	5.013007	2995	3934025984.000000
281474976710655.000000	4.991544	2996	3935068160.000000
281474976710655.000000	5.021078	2997	3936108288.000000
281474976710655.000000	5.036343	2998	3937151488.000000
281474976710655.000000	5.034054	2999	3938190336.000000
281474976710655.000000	5.020527	3000	3939233536.000000
281474976710655.000000	5.022216	3001	3940271872.000000
281474976710655.000000	5.028503	3002	3941313792.000000
281474976710655.000000	5.092205	3003	3942353920.000000
281474976710655.000000	5.018500	3004	3943397120.000000
281474976710655.000000	5.072603	3005	3944435456.000000
281474976710655.000000	5.038167	3006	3945479936.000000
281474976710655.000000	5.088156	3007	3946514176.000000
281474976710655.000000	5.043973	3008	3947563264.000000
281474976710655.000000	5.088833	3009	3948595712.000000
281474976710655.000000	5.008809	3010	3949646848.000000
281474976710655.000000	5.025462	3011	3950677248.000000
281474976710655.000000	5.014903	3012	3951731200.000000
281474976710655.000000	5.048575	3013	3952759296.000000
281474976710655.000000	5.087152	3014	3953811712.000000
281474976710655.000000	5.054238	3015	3954840832.000000
281474976710655.000000	5.090256	3016	3955895040.000000
281474976710655.000000	5.039587	3017	3956924416.000000
281474976710655.000000	5.118193	3018	3957974016.000000
281474976710655.000000	5.055254	3019	3959007744.000000
281474976710655.000000	5.118555	3020	3960056832.000000
281474976710655.000000	5.060420	3021	3961091584.000000
281474976710655.000000	5.099423	3022	3962135808.000000
281474976710655.000000	5.096152	3023	3963175168.000000
281474976710655.000000	5.097952	3024	3964215808.000000
281474976710655.000000	5.111324	3025	3965257984.000000
281474976710655.000000	5.056452	3026	3966299904.000000
281474976710655.000000	5.122330	3027	3967339776.000000
281474976710655.000000	5.092823	3028	3968381440.000000
281474976710655.000000	5.117176	3029	3969420544.000000
281474976710655.000000	5.112315	3030	3970466304.000000
281474976710655.000000	5.126546	3031	3971500288.000000
281474976710655.000000	5.087430	3032	3972548096.000000
281474976710655.000000	5.112705	3033	3973582592.000000
281474976710655.000000	5.080731	3034	3974628608.000000
281474976710655.000000	5.122581	3035	3975666176.000000
281474976710655.000000	5.123440	3036	3976712960.000000
281474976710655.000000	5.133128	3037	3977746944.000000
281474976710655.000000	5.103950	3038	3978795264.000000
281474976710655.000000	5.156957	3039	3979829504.000000
281474976710655.000000	5.130361	3040	3980875520.000000
281474976710655.000000	5.149918	3041	3981912576.000000
281474976710655.000000	5.144827	3042	3982958336.000000
281474976710655.000000	5.137021	3043	3983995904.000000
281474976710655.000000	5.112926	3044	3985039872.000000
281474976710655.000000	5.086354	3045	3986077440.000000
281474976710655.000000	5.092866	3046	3987120640.000000
281474976710655.000000	5.104277	3047	3988161024.000000
281474976710655.000000	5.118828	3048	3989202944.000000
281474976710655.000000	5.098337	3049	3990242304.000000
281474976710655.000000	5.127043	3050	3991284480.000000
281474976710655.000000	5.127626	3051	3992322048.000000
281474976710655.000000	5.151269	3052	3993368064.000000
281474976710655.000000	5.148559	3053	3994404352.000000
281474976710655.000000	5.194358	3054	3995454976.000000
281474976710655.000000	5.135961	3055	3996483840.000000
281474976710655.000000	5.176225	3056	3997536000.000000
281474976710655.000000	5.164052	3057	3998566400.000000
281474976710655.000000	5.130270	3058	3999619328.000000
281474976710655.000000	5.131179	3059	4000646144.000000
281474976710655.000000	5.133798	3060	4001700864.000000
281474976710655.000000	5.160937	3061	4002728192.000000
281474976710655.000000	5.121428	3062	4003783936.000000
281474976710655.000000	5.113915	3063	4004810240.000000
281474976710655.000000	5.128804	3064	4005865984.000000
281474976710655.000000	5.152603	3065	4006893824.000000
281474976710655.000000	5.126381	3066	4007945472.000000
281474976710655.000000	5.170379	3067	4008974080.000000
281474976710655.000000	5.142354	3068	4010026240.000000
281474976710655.000000	5.138725	3069	4011059968.000000
281474976710655.000000	5.174290	3070	4012107264.000000
281474976710655.000000	5.142721	3071	4013143040.000000
281474976710655.000000	5.184804	3072	4014189824.000000
281474976710655.000000	5.194007	3073	4015225344.000000
281474976710655.000000	5.163059	3074	4016271616.000000
281474976710655.000000	5.195096	3075	4017307648.000000
281474976710655.000000	5.165034	3076	4018354944.000000
281474976710655.000000	5.209858	3077	4019389440.000000
281474976710655.000000	5.182987	3078	4020436480.000000
281474976710655.000000	5.160060	3079	4021470976.000000
281474976710655.000000	5.166626	3080	4022519552.000000
281474976710655.000000	5.146881	3081	4023552768.000000
281474976710655.000000	5.166735	3082	4024600320.000000
281474976710655.000000	5.171085	3083	4025634816.000000
281474976710655.000000	5.167574	3084	4026683648.000000
281474976710655.000000	5.180077	3085	4027714560.000000
281474976710655.000000	5.172421	3086	4028766208.000000
281474976710655.000000	5.140572	3087	4029797120.000000
281474976710655.000000	5.166554	3088	4030848512.000000
281474976710655.000000	5.159985	3089	4031877888.000000
281474976710655.000000	5.124518	3090	4032931840.000000
281474976710655.000000	5.169253	3091	4033960192.000000
281474976710655.000000	5.183107	3092	4035015168.000000
281474976710655.000000	5.154269	3093	4036041984.000000
281474976710655.000000	5.166448	3094	4037097216.000000
281474976710655.000000	5.178362	3095	4038123264.000000
281474976710655.000000	5.175061	3096	4039178240.000000
281474976710655.000000	5.202514	3097	4040205568.000000
281474976710655.000000	5.217935	3098	4041259008.000000
281474976710655.000000	5.144370	3099	4042290432.000000
281474976710655.000000	5.208278	3100	4043340032.000000
281474976710655.000000	5.198130	3101	4044374784.000000
281474976710655.000000	5.192602	3102	4045421056.000000
281474976710655.000000	5.208555	3103	4046457344.000000
281474976710655.000000	5.194706	3104	4047502592.000000
281474976710655.000000	5.147386	3105	4048539136.000000
281474976710655.000000	5.188425	3106	4049583360.000000
281474976710655.000000	5.178224	3107	4050622208.000000
281474976710655.000000	5.163257	3108	4051664896.000000
281474976710655.000000	5.169721	3109	4052704000.000000
281474976710655.000000	5.192027	3110	4053747200.000000
281474976710655.000000	5.163382	3111	4054786048.000000
281474976710655.000000	5.161392	3112	4055830272.000000
281474976710655.000000	5.195418	3113	4056868864.000000
281474976710655.000000	5.183636	3114	4057912064.000000
281474976710655.000000	5.234869	3115	4058949376.000000
281474976710655.000000	5.199481	3116	4059993856.000000
281474976710655.000000	5.143803	3117	4061031168.000000
281474976710655.000000	5.249473	3118	4062077184.000000
281474976710655.000000	5.173850	3119	4063113472.000000
281474976710655.000000	5.182739	3120	4064158464.000000
281474976710655.000000	5.219921	3121	4065196800.000000
281474976710655.000000	5.207640	3122	4066239488.000000
281474976710655.000000	5.190245	3123	4067278336.000000
281474976710655.000000	5.203337	3124	4068321792.000000
281474976710655.000000	5.196417	3125	4069361152.000000
281474976710655.000000	5.187613	3126	4070402560.000000
281474976710655.000000	5.177410	3127	4071443968.000000
281474976710655.000000	5.154862	3128	4072485632.000000
281474976710655.000000	5.155826	3129	4073525760.000000
281474976710655.000000	5.178356	3130	4074568192.000000
281474976710655.000000	5.168106	3131	4075608320.000000
281474976710655.000000	5.173853	3132	4076650752.000000
281474976710655.000000	5.185641	3133	4077688064.000000
281474976710655.000000	5.198358	3134	4078732544.000000
