num crossings	time (s)	maj axis (mm)	min axis (mm)	theta (rad )	slope (V/s)
2841	3772.494106	48.039064	-10.200378	2.101856	4.560603
2843	3774.577888	53.731194	-8.764732	2.134834	4.702694
2845	3776.662752	51.598242	10.164462	2.095503	4.615108
2847	3778.745766	51.707516	10.445062	2.103725	4.744752
2849	3780.825145	46.884548	-9.983898	2.099776	4.681286
2851	3782.907694	45.867682	-5.452288	2.118239	4.562158
2853	3784.990682	51.511408	9.951363	2.091247	4.710784
2855	3787.073565	51.715611	9.732567	2.090253	4.541251
2857	3789.154339	51.881830	9.688238	2.088209	4.734138
2859	3791.233248	47.840215	-9.570845	2.095298	4.672606
2861	3793.314209	47.427922	-5.553906	2.122055	4.616836
2863	3795.394689	51.199633	9.738042	2.098810	4.624224
2865	3797.478031	47.979082	-9.682362	2.113681	4.665080
2867	3799.562932	51.723116	9.550397	2.078937	4.986992
2869	3801.646845	52.143059	9.251386	2.082668	4.815976
2871	3803.726821	52.114986	9.158068	2.086827	4.850606
2873	3805.805234	51.827790	9.104672	2.085946	4.727216
2875	3807.886723	51.219223	9.277390	2.088728	4.857007
2877	3809.971671	51.067271	9.151727	2.082111	4.823481
2879	3812.055213	51.961021	9.305066	2.082385	5.176459
2881	3814.140511	51.901522	8.814218	2.073375	5.093871
2883	3816.222980	52.406450	9.006300	2.080886	4.893715
2885	3818.304887	51.960291	8.692410	2.078622	4.807170
2887	3820.386854	52.035720	10.156045	2.089931	4.849336
2889	3822.468921	51.761892	8.682065	2.077104	4.994459
2891	3824.549628	51.607546	8.463796	2.074402	4.835673
2893	3826.632958	51.723430	8.487829	2.074836	4.921857
2895	3828.714757	51.736822	8.290635	2.072284	4.985867
2897	3830.796845	48.150730	-8.241259	2.072135	4.944979
2899	3832.875961	48.113674	-2.748175	2.097112	5.127594
2901	3834.955940	44.974471	-8.079541	2.081855	4.879516
2903	3837.035900	48.033721	-4.360800	2.094997	5.098112
2905	3839.120842	51.714048	8.045900	2.061785	5.057715
2907	3841.204133	51.286596	7.884680	2.063331	4.821586
2909	3843.288859	51.996275	8.806488	2.076795	5.023864
2911	3845.370639	51.760991	7.861286	2.066155	5.002438
2913	3847.452502	51.467411	7.776619	2.061913	4.573117
2915	3849.532189	50.921789	7.564476	2.062822	4.844873
2917	3851.612888	52.366631	7.826191	2.072538	5.221392
2919	3853.693629	52.225995	8.107905	2.071825	5.119327
2921	3855.775103	51.718121	7.438111	2.057727	5.128910
2923	3857.858428	52.412158	7.980744	2.062742	4.903900
2925	3859.941339	51.552290	7.289674	2.053368	4.969146
2927	3862.022993	52.537410	7.273183	2.055989	4.813016
2929	3864.104451	51.510021	7.123417	2.055165	4.966213
2931	3866.186724	52.310923	7.466412	2.067468	4.973960
2933	3868.267682	52.173062	7.304173	2.067354	5.177584
2935	3870.350681	51.583080	7.677359	2.060560	4.892178
2937	3872.435809	51.466171	6.960509	2.045719	5.086237
2939	3874.520325	48.088714	-6.886636	2.081056	5.222212
2941	3876.602089	52.288552	6.801703	2.050408	5.181354
2943	3878.684735	51.924462	6.848903	2.052056	4.828935
2945	3880.763503	48.237068	-6.672730	2.077299	5.259647
2947	3882.843961	47.685673	-6.725720	2.077413	5.091240
2949	3884.924308	52.157972	6.539497	2.054901	5.061518
2951	3887.006932	51.904807	6.430077	2.053066	4.934023
2953	3889.090013	51.515176	6.507197	2.047451	5.225773
2955	3891.173427	51.663819	6.387294	2.041390	5.283679
2957	3893.256583	48.011837	-6.329841	2.072881	5.230308
2959	3895.340360	52.351790	6.859527	2.046470	5.212293
2961	3897.422072	52.124295	6.308470	2.040905	5.155287
2963	3899.505125	52.105682	6.022041	2.037921	4.980651
2965	3901.586654	51.943675	6.184848	2.040028	5.086147
2967	3903.667088	51.741404	6.038719	2.040066	5.221555
2969	3905.747505	48.256283	-6.019156	2.065354	5.294421
2971	3907.828910	51.703097	5.886362	2.042722	5.191491
2973	3909.910318	51.725741	5.882321	2.043334	5.261728
2975	3911.991951	52.030829	5.679436	2.034120	5.225642
2977	3914.076059	51.480899	5.726482	2.033160	4.935634
2979	3916.160256	51.943507	5.556016	2.032765	5.106971
2981	3918.244581	51.890570	5.576921	2.036527	5.036805
2983	3920.327261	48.598052	-5.409696	2.030660	5.068796
2985	3922.407335	47.718310	-5.088091	2.051157	5.150292
2987	3924.490060	48.244050	-0.255069	2.050796	5.269003
2989	3926.571045	51.962212	5.379809	2.032518	5.267549
2991	3928.650146	52.710390	5.282754	2.036748	5.100891
2993	3930.733196	51.594393	5.197746	2.034488	5.155969
2995	3932.814771	51.733900	5.138420	2.036158	5.240856
2997	3934.895310	52.035583	5.190235	2.033499	5.160896
2999	3936.978497	52.322506	8.001816	2.053292	5.108285
3001	3939.060586	52.116830	4.931003	2.031779	5.262137
3003	3941.141116	51.936885	4.832337	2.032300	5.143695
3005	3943.224122	52.161244	7.317985	2.042724	5.464578
3007	3945.306826	51.945933	4.794914	2.023573	5.372685
3009	3947.390170	51.904430	4.696230	2.020958	5.260999
3011	3949.473822	52.341613	4.554277	2.019150	5.388353
3013	3951.558099	52.257251	4.537099	2.022076	5.224602
3015	3953.638890	51.741806	4.405728	2.023525	5.202193
3017	3955.721921	52.097299	4.530049	2.024417	5.109662
3019	3957.801092	52.641874	4.346998	2.024286	5.202237
3021	3959.883704	51.753632	4.349832	2.024128	5.323006
3023	3961.963026	52.366575	4.213222	2.023458	5.326951
3025	3964.042982	51.864759	4.010204	2.023847	5.134264
3027	3966.126767	52.618995	7.275888	2.049188	5.284339
3029	3968.208504	52.005441	4.058041	2.026736	5.294154
3031	3970.292924	52.455222	4.239886	2.028722	5.466819
3033	3972.375153	51.836710	3.948007	2.020945	5.181054
3035	3974.455849	51.937782	3.902699	2.019602	5.223305
3037	3976.539870	52.394308	4.386906	2.025117	5.134473
3039	3978.622119	47.767981	-3.765054	2.032512	5.416708
3041	3980.702714	46.194634	-0.000087	2.035551	5.559282
3043	3982.785329	51.670413	3.667270	2.016884	5.261033
3045	3984.866902	52.858369	3.826615	2.024735	5.510966
3047	3986.947742	52.606611	3.563107	2.019997	5.447150
3049	3989.029813	47.649379	-3.595461	2.038747	5.201671
3051	3991.111411	52.444204	3.484274	2.013876	5.285161
3053	3993.195074	52.406494	3.263845	2.011619	5.308551
3055	3995.281673	52.328005	3.473224	2.013581	5.320274
3057	3997.363038	52.626753	3.528462	2.019294	5.483652
3059	3999.446377	52.165202	3.240860	2.016183	5.425437
3061	4001.527840	52.214729	3.130931	2.015346	5.452223
3063	4003.610866	52.471661	3.077685	2.013048	5.235113
3065	4005.693012	51.997539	3.132651	2.009470	5.356647
3067	4007.772790	51.773732	2.859849	2.007974	5.289780
3069	4009.853555	52.106264	2.818587	2.009296	5.200772
3071	4011.934578	51.871192	2.898624	2.010444	5.334643
3073	4014.016825	52.790658	2.876777	2.013670	5.374515
3075	4016.098632	48.182683	-2.616163	2.008340	5.231318
3077	4018.182015	48.279198	0.660078	2.027247	5.435727
3079	4020.263322	47.996929	-2.756378	2.029964	5.088343
3081	4022.346443	52.101166	2.738376	2.009694	5.369820
3083	4024.427463	51.401888	2.483030	2.004196	5.264987
3085	4026.510664	48.054769	-2.520722	2.031982	5.544543
3087	4028.593252	47.734684	-2.426945	2.032656	5.286603
3089	4030.675470	52.177303	2.418197	2.003265	5.284488
3091	4032.758692	52.307445	2.274434	2.004375	5.532816
3093	4034.841999	52.382995	2.095450	2.005603	5.344546
3095	4036.924145	48.311701	-2.185664	2.025978	5.262760
3097	4039.005314	52.167055	2.087940	2.008181	5.253654
3099	4041.086253	51.953720	2.297749	2.005056	5.336266
3101	4043.167296	52.074913	2.063908	2.004828	5.196759
3103	4045.248223	51.924802	2.123137	2.005022	5.399688
3105	4047.329595	52.410246	2.679760	2.008539	5.316906
3107	4049.410552	52.016469	1.859148	2.007112	5.204249
3109	4051.491900	52.575569	1.928200	2.011209	5.430192
3111	4053.574108	52.198006	1.742914	2.010069	5.357484
3113	4055.657118	52.357482	2.095526	2.014719	5.464055
3115	4057.739056	51.917910	1.653718	2.010083	5.436256
3117	4059.820748	48.362307	-1.418679	2.002545	5.100164
3119	4061.904034	41.686284	-0.069003	2.022471	5.323049
3121	4063.985527	52.123854	1.471554	2.007732	5.274622
3123	4066.066594	52.275731	1.413646	2.007980	5.575135
3125	4068.148746	51.906267	1.407633	2.008661	5.371398
3127	4070.229871	52.146849	1.998846	2.005955	5.458713
3129	4072.312691	52.993962	1.537069	2.009237	5.489345
3131	4074.395104	52.251352	1.242674	2.003086	5.309209
3133	4076.477579	52.928005	1.338708	2.002670	5.837580
