time (s)	coil I (A)	last det (V)	int current (uC)
7837.308342	3.265657	156.933594	-3.613281
7837.310344	3.267526	156.933594	-3.613281
7837.312346	3.267930	156.933594	-3.613281
7837.314344	3.267772	156.933594	-3.613281
7837.316345	3.267299	156.933594	-3.613281
7837.318343	3.267090	35.937992	0.109432
7838.344394	3.266936	8.398437	-391.894531
7838.346395	3.267558	8.398437	-391.894531
7838.348395	3.267591	8.398437	-391.894531
7838.350395	3.267068	8.398437	-391.894531
7838.352396	3.266824	35.935066	0.282433
7839.400960	3.267524	157.617187	-4.296875
7839.402964	3.267716	157.617187	-4.296875
7839.404962	3.267495	157.617187	-4.296875
7839.406962	3.266978	35.936760	0.088485
7840.427539	3.266959	8.398437	-391.699219
7840.429543	3.267669	8.398437	-391.699219
7840.431542	3.267850	8.398437	-391.699219
7840.433542	3.267251	8.398437	-391.699219
7840.435542	3.267010	35.937115	0.090193
7841.483595	3.266510	157.421875	-4.003906
7841.487595	3.267442	157.421875	-4.003906
7841.489597	3.267056	157.421875	-4.003906
7841.491599	3.266720	35.933914	0.105263
7842.510180	3.267027	3.515625	-405.273437
7842.512184	3.267319	3.515625	-405.273437
7842.514182	3.267220	3.515625	-405.273437
7842.516185	3.266766	3.515625	-405.273437
7842.518185	3.266631	35.932941	0.102606
7843.560236	3.265368	156.347656	-4.199219
7843.562238	3.267466	156.347656	-4.199219
7843.564239	3.267810	156.347656	-4.199219
7843.566238	3.267728	156.347656	-4.199219
7843.568238	3.267172	156.347656	-4.199219
7843.570239	3.267052	35.937576	0.097425
7844.588268	3.263550	8.496094	-397.656250
7844.592269	3.267523	8.496094	-397.656250
7844.594271	3.267555	8.496094	-397.656250
7844.596272	3.267110	8.496094	-397.656250
7844.600268	3.266935	35.936279	0.101980
7845.650290	3.266803	151.660156	-3.417969
7845.652291	3.267342	151.660156	-3.417969
7845.654291	3.267297	151.660156	-3.417969
7845.656291	3.266804	151.660156	-3.417969
7845.658292	3.266659	35.933250	0.101016
7846.674319	3.265756	6.542969	-402.832031
7846.676317	3.267575	6.542969	-402.832031
7846.678319	3.267983	6.542969	-402.832031
7846.680318	3.267852	6.542969	-402.832031
7846.682318	3.267323	6.542969	-402.832031
7846.684318	3.267231	35.939537	0.099100
7847.736398	3.266210	150.097656	-3.808594
7847.738400	3.267292	150.097656	-3.808594
7847.742400	3.267516	150.097656	-3.808594
7847.744400	3.266853	150.097656	-3.808594
7847.746399	3.266735	35.934082	0.098935
7848.758467	3.263493	8.496094	-400.781250
7848.760468	3.266976	8.496094	-400.781250
7848.762467	3.267665	8.496094	-400.781250
7848.764468	3.267846	8.496094	-400.781250
7848.766469	3.267271	8.496094	-400.781250
7848.768474	3.266998	35.936981	0.105860
7849.814992	3.264212	154.882812	-4.589844
7849.816994	3.267002	154.882812	-4.589844
7849.818992	3.267425	154.882812	-4.589844
7849.820994	3.267512	154.882812	-4.589844
7849.822995	3.266970	154.882812	-4.589844
7849.824995	3.266977	35.936741	0.097429
7850.841094	3.266401	6.347656	-404.394531
7850.843096	3.267520	6.347656	-404.394531
7850.845101	3.267740	6.347656	-404.394531
7850.847106	3.267427	6.347656	-404.394531
7850.849109	3.266942	35.936363	0.094146
7851.897124	3.263624	152.050781	-4.296875
7851.899125	3.266832	152.050781	-4.296875
7851.901126	3.267363	152.050781	-4.296875
7851.903125	3.267511	152.050781	-4.296875
7851.905125	3.266975	152.050781	-4.296875
7851.907125	3.266741	35.934147	0.101177
7852.923178	3.267700	12.402344	-392.187500
7852.925179	3.267975	12.402344	-392.187500
7852.927180	3.267673	12.402344	-392.187500
7852.929182	3.267125	12.402344	-392.187500
7852.931179	3.267083	35.937912	0.103268
7853.987195	3.267457	156.445312	-4.199219
7853.991196	3.267072	156.445312	-4.199219
7853.993199	3.266850	156.445312	-4.199219
7853.995202	3.266796	35.934757	0.097562
7855.010151	3.265340	7.519531	-403.906250
7855.012152	3.267367	7.519531	-403.906250
7855.014154	3.267683	7.519531	-403.906250
7855.016154	3.267641	7.519531	-403.906250
7855.018153	3.267048	7.519531	-403.906250
7855.020155	3.266979	35.936768	0.099836
7856.068179	3.266985	155.957031	-4.199219
7856.070180	3.267446	155.957031	-4.199219
7856.072181	3.267396	155.957031	-4.199219
7856.074180	3.267342	155.957031	-4.199219
7856.076181	3.266760	35.934357	0.100319
7857.091181	2.740229	6.347656	-404.882812
7857.093183	3.267477	6.347656	-404.882812
7857.095183	3.267632	6.347656	-404.882812
7857.097181	3.267019	6.347656	-404.882812
7857.099182	3.266891	35.935802	0.209256
7858.147205	3.265468	155.566406	-4.296875
7858.149207	3.267264	155.566406	-4.296875
7858.151209	3.267685	155.566406	-4.296875
7858.153207	3.267625	155.566406	-4.296875
7858.155207	3.267019	155.566406	-4.296875
7858.157208	3.266906	35.935963	0.095763
7859.176145	3.267574	9.667969	-397.753906
7859.178146	3.267653	9.667969	-397.753906
7859.180147	3.267134	9.667969	-397.753906
7859.182148	3.266911	35.936016	0.099641
7860.234712	3.265731	152.441406	-3.710937
7860.236714	3.267468	152.441406	-3.710937
7860.240712	3.267653	152.441406	-3.710937
7860.242714	3.267138	152.441406	-3.710937
7860.244713	3.267091	35.938000	0.100029
7861.261285	3.266400	2.636719	-411.035156
7861.263283	3.267130	2.636719	-411.035156
7861.265286	3.267259	2.636719	-411.035156
7861.267284	3.266833	2.636719	-411.035156
7861.269285	3.266546	35.931999	0.110572
7862.319346	3.267336	153.417969	-3.710937
7862.321348	3.267476	153.417969	-3.710937
7862.323349	3.267057	153.417969	-3.710937
7862.325350	3.266717	35.933887	0.099535
7863.342312	3.265864	4.101562	-408.300781
7863.344316	3.267138	4.101562	-408.300781
7863.346314	3.267487	4.101562	-408.300781
7863.348317	3.267164	4.101562	-408.300781
7863.350324	3.266839	4.101562	-408.300781
7863.354326	3.266762	35.934376	0.101360
7864.402432	3.266968	151.171875	-2.929687
7864.404432	3.267741	151.171875	-2.929687
7864.406431	3.267195	151.171875	-2.929687
7864.408432	3.266973	35.936707	0.144736
7865.424987	3.266238	9.667969	-400.000000
7865.426991	3.267245	9.667969	-400.000000
7865.428989	3.267510	9.667969	-400.000000
7865.430989	3.267105	9.667969	-400.000000
7865.432990	3.266666	35.933331	0.094222
7866.485010	3.267464	145.410156	-2.050781
7866.487011	3.267537	145.410156	-2.050781
7866.489010	3.266987	145.410156	-2.050781
7866.491009	3.266817	35.934990	0.360385
7867.509090	3.266866	5.175781	-405.761719
7867.511091	3.267765	5.175781	-405.761719
7867.513091	3.267900	5.175781	-405.761719
7867.515090	3.267421	5.175781	-405.761719
7867.517092	3.267049	35.937538	0.098696
7868.565211	3.265809	148.144531	-2.148437
7868.567211	3.267192	148.144531	-2.148437
7868.569211	3.267490	148.144531	-2.148437
7868.571212	3.267339	148.144531	-2.148437
7868.573212	3.266783	148.144531	-2.148437
7868.575212	3.266737	35.934101	0.100730
7869.593216	3.267097	7.421875	-402.929687
7869.595217	3.267503	7.421875	-402.929687
7869.597218	3.267478	7.421875	-402.929687
7869.599218	3.266853	7.421875	-402.929687
7869.601218	3.266757	35.934326	0.101733
7870.649810	3.266459	145.214844	-2.246094
7870.651812	3.267165	145.214844	-2.246094
7870.653813	3.267276	145.214844	-2.246094
7870.655812	3.266770	145.214844	-2.246094
7870.657811	3.266577	35.932346	0.095001
7871.675850	3.265441	4.003906	-409.960937
7871.677852	3.267167	4.003906	-409.960937
7871.679851	3.267595	4.003906	-409.960937
7871.681852	3.267389	4.003906	-409.960937
7871.683852	3.266948	4.003906	-409.960937
7871.685852	3.266870	35.935574	0.094711
7872.731915	3.266394	148.828125	-2.441406
7872.733920	3.267317	148.828125	-2.441406
7872.735923	3.267408	148.828125	-2.441406
7872.739923	3.266766	148.828125	-2.441406
7872.741923	3.266650	35.933155	0.100019
7873.758489	3.266716	1.757812	-413.769531
7873.760491	3.267627	1.757812	-413.769531
7873.762490	3.267783	1.757812	-413.769531
7873.764489	3.267331	1.757812	-413.769531
7873.766490	3.267060	35.937656	0.101561
7874.818564	3.266596	142.089844	-1.074219
7874.820565	3.267298	142.089844	-1.074219
7874.822564	3.267466	142.089844	-1.074219
7874.824565	3.266957	142.089844	-1.074219
7874.826565	3.266665	35.933311	0.110783
7875.844600	3.266885	-0.585937	-415.917969
7875.846602	3.267272	-0.585937	-415.917969
7875.848602	3.267077	-0.585937	-415.917969
7875.850603	3.266712	-0.585937	-415.917969
7875.852603	3.266546	35.932011	0.098969
7876.898648	3.267551	146.093750	-1.367187
7876.900650	3.267914	146.093750	-1.367187
7876.902651	3.267830	146.093750	-1.367187
7876.904650	3.267274	146.093750	-1.367187
7876.906651	3.267138	35.938515	0.102738
7877.926709	3.265149	3.515625	-408.593750
7877.928710	3.267182	3.515625	-408.593750
7877.930711	3.267567	3.515625	-408.593750
7877.932709	3.267486	3.515625	-408.593750
7877.934709	3.266945	3.515625	-408.593750
7877.936709	3.266926	35.936184	0.096407
7878.980734	3.266543	142.578125	-0.195312
7878.982736	3.267454	142.578125	-0.195312
7878.986736	3.267374	142.578125	-0.195312
7878.988738	3.266900	142.578125	-0.195312
7878.990737	3.266860	35.935459	0.100048
7880.008826	3.266013	-0.195312	-411.914062
7880.010828	3.267631	-0.195312	-411.914062
7880.012827	3.267925	-0.195312	-411.914062
7880.014826	3.267711	-0.195312	-411.914062
7880.016827	3.267193	-0.195312	-411.914062
7880.018827	3.267185	35.939037	0.102602
7881.064877	3.265459	144.433594	0.097656
7881.066881	3.267202	144.433594	0.097656
7881.068881	3.267575	144.433594	0.097656
7881.070880	3.267494	144.433594	0.097656
7881.072882	3.266956	144.433594	0.097656
7881.074880	3.266899	35.935894	0.097181
7882.091437	3.265624	-2.246094	-413.769531
7882.093437	3.267359	-2.246094	-413.769531
7882.095438	3.267818	-2.246094	-413.769531
7882.097438	3.267723	-2.246094	-413.769531
7882.099439	3.267134	-2.246094	-413.769531
7882.101439	3.266918	35.936096	0.098286
7883.149485	3.266852	140.234375	1.074219
7883.151487	3.267454	140.234375	1.074219
7883.153486	3.267622	140.234375	1.074219
7883.155486	3.267027	140.234375	1.074219
7883.157487	3.266877	35.935650	0.257484
7884.179561	3.267344	0.000000	-408.886719
7884.181563	3.267848	0.000000	-408.886719
7884.183562	3.267791	0.000000	-408.886719
7884.185562	3.267285	0.000000	-408.886719
7884.187561	3.267160	35.938766	0.098537
7885.230120	3.267431	143.066406	1.171875
7885.232121	3.267853	143.066406	1.171875
7885.234122	3.267868	143.066406	1.171875
7885.236120	3.267258	143.066406	1.171875
7885.238122	3.267110	35.938206	0.550150
7886.258666	3.265489	0.195312	-407.421875
7886.260670	3.267237	0.195312	-407.421875
7886.262669	3.267535	0.195312	-407.421875
7886.264668	3.267534	0.195312	-407.421875
7886.266668	3.266912	0.195312	-407.421875
7886.268669	3.266782	35.934597	0.102587
7887.312725	3.265101	143.261719	1.464844
7887.314726	3.267013	143.261719	1.464844
7887.316727	3.267388	143.261719	1.464844
7887.318727	3.267271	143.261719	1.464844
7887.320727	3.266738	143.261719	1.464844
7887.322728	3.266716	35.933880	0.096907
7888.347314	3.267147	2.343750	-404.492187
7888.349316	3.267618	2.343750	-404.492187
7888.351318	3.267542	2.343750	-404.492187
7888.353320	3.266951	2.343750	-404.492187
7888.355319	3.266907	35.935978	0.094769
7889.395845	3.267055	142.578125	1.953125
7889.397847	3.267792	142.578125	1.953125
7889.399846	3.267871	142.578125	1.953125
7889.401847	3.267297	142.578125	1.953125
7889.403848	3.267078	35.937859	0.227027
7890.430822	3.265785	-1.367187	-410.937500
7890.432822	3.267156	-1.367187	-410.937500
7890.434824	3.267412	-1.367187	-410.937500
7890.436824	3.267082	-1.367187	-410.937500
7890.438824	3.266662	-1.367187	-410.937500
7890.442822	3.266654	35.933189	0.095388
7891.476902	3.265417	138.574219	2.734375
7891.478904	3.267251	138.574219	2.734375
7891.480904	3.267562	138.574219	2.734375
7891.482903	3.267457	138.574219	2.734375
7891.484904	3.266931	138.574219	2.734375
7891.486905	3.266865	35.935509	0.100465
7892.514979	3.266811	5.468750	-401.953125
7892.516982	3.267335	5.468750	-401.953125
7892.518983	3.267418	5.468750	-401.953125
7892.520980	3.266873	5.468750	-401.953125
7892.522981	3.266750	35.934254	0.098684
7893.563555	3.267728	142.578125	2.636719
7893.567555	3.267158	142.578125	2.636719
7893.569559	3.267163	142.578125	2.636719
7893.571556	3.266944	35.936382	0.098100
7894.598107	3.266795	3.027344	-406.933594
7894.602106	3.267780	3.027344	-406.933594
7894.604109	3.267255	3.027344	-406.933594
7894.606109	3.266866	35.935528	0.094548
7895.642126	3.264345	136.816406	3.808594
7895.644129	3.267122	136.816406	3.808594
7895.646129	3.267522	136.816406	3.808594
7895.648126	3.267487	136.816406	3.808594
7895.650129	3.267013	136.816406	3.808594
7895.652128	3.266859	35.935448	0.100054
7896.682172	3.212424	8.593750	-399.316406
7896.684175	3.267804	8.593750	-399.316406
7896.686174	3.267922	8.593750	-399.316406
7896.690174	3.267037	8.593750	-399.316406
7896.692174	3.267079	35.937866	0.093955
7897.723153	3.263421	136.425781	4.394531
7897.725156	3.266801	136.425781	4.394531
7897.727153	3.267375	136.425781	4.394531
7897.729156	3.267398	136.425781	4.394531
7897.731154	3.266960	136.425781	4.394531
7897.733154	3.266717	35.933887	0.101704
7898.767258	3.267311	8.203125	-400.292969
7898.769260	3.267665	8.203125	-400.292969
7898.771260	3.267517	8.203125	-400.292969
7898.773261	3.267002	8.203125	-400.292969
7898.775260	3.266870	35.935574	0.095316
7899.810206	3.265973	135.937500	5.078125
7899.812208	3.267212	135.937500	5.078125
7899.814208	3.267450	135.937500	5.078125
7899.816207	3.267246	135.937500	5.078125
7899.818207	3.266741	135.937500	5.078125
7899.820207	3.266780	35.934582	0.098989
7900.848272	3.266711	6.054687	-403.515625
7900.850274	3.267362	6.054687	-403.515625
7900.852273	3.267407	6.054687	-403.515625
7900.854274	3.266951	6.054687	-403.515625
7900.856273	3.266762	35.934376	0.222809
7901.896318	3.267748	139.746094	5.078125
7901.898320	3.267603	139.746094	5.078125
7901.900321	3.267121	139.746094	5.078125
7901.902321	3.267019	35.937202	0.097698
7902.932882	3.266908	7.031250	-401.757812
7902.936882	3.267929	7.031250	-401.757812
7902.938885	3.267350	7.031250	-401.757812
7902.940885	3.267085	35.937931	0.093210
7903.977475	3.267215	140.136719	5.371094
7903.979475	3.267663	140.136719	5.371094
7903.981475	3.267455	140.136719	5.371094
7903.983474	3.266982	140.136719	5.371094
7903.987475	3.266818	35.934998	0.095962
7905.014053	3.264895	4.296875	-404.785156
7905.016054	3.266874	4.296875	-404.785156
7905.018053	3.267351	4.296875	-404.785156
7905.020056	3.267257	4.296875	-404.785156
7905.022053	3.266683	4.296875	-404.785156
7905.024053	3.266641	35.933056	0.096294
7906.060049	3.267287	133.789062	6.250000
7906.062051	3.267521	133.789062	6.250000
7906.064050	3.267241	133.789062	6.250000
7906.066051	3.266821	133.789062	6.250000
7906.068051	3.266738	35.934120	0.099104
7907.096078	3.264347	4.394531	-404.492187
7907.098080	3.266941	4.394531	-404.492187
7907.100078	3.267485	4.394531	-404.492187
7907.102080	3.267485	4.394531	-404.492187
7907.104080	3.267011	4.394531	-404.492187
7907.106077	3.266752	35.934269	0.098495
7908.144152	3.267085	140.527344	5.664062
7908.146156	3.267441	140.527344	5.664062
7908.148164	3.267299	140.527344	5.664062
7908.150168	3.266781	140.527344	5.664062
7908.152166	3.266682	35.933498	0.094196
7909.183090	3.267044	4.199219	-404.492187
7909.185091	3.267752	4.199219	-404.492187
7909.187093	3.267843	4.199219	-404.492187
7909.189090	3.267263	4.199219	-404.492187
7909.191091	3.267076	35.937843	0.210837
7910.227138	3.267242	137.988281	5.859375
7910.229140	3.267454	137.988281	5.859375
7910.231140	3.267292	137.988281	5.859375
7910.237137	3.266657	137.988281	5.859375
7910.239140	3.266635	35.932983	0.095440
7911.265705	3.266553	0.976562	-408.007812
7911.267706	3.267328	0.976562	-408.007812
7911.269707	3.267498	0.976562	-408.007812
7911.271707	3.267036	0.976562	-408.007812
7911.273707	3.266707	35.933781	0.093664
7912.309727	3.267521	136.718750	6.250000
7912.311729	3.267743	136.718750	6.250000
7912.313730	3.267345	136.718750	6.250000
7912.315729	3.267092	35.938011	0.097981
7913.348322	3.264859	7.421875	-400.000000
7913.350324	3.266968	7.421875	-400.000000
7913.352326	3.267431	7.421875	-400.000000
7913.354324	3.267433	7.421875	-400.000000
7913.356322	3.266882	7.421875	-400.000000
7913.358325	3.266738	35.934120	0.094613
7914.390396	3.266192	135.058594	6.445312
7914.392397	3.267452	135.058594	6.445312
7914.394399	3.267670	135.058594	6.445312
7914.396397	3.267360	135.058594	6.445312
7914.398399	3.266999	135.058594	6.445312
7914.400404	3.266943	35.936371	0.098017
7915.430420	3.265315	0.976562	-407.519531
7915.432422	3.267018	0.976562	-407.519531
7915.434422	3.267272	0.976562	-407.519531
7915.436420	3.267107	0.976562	-407.519531
7915.438421	3.266640	0.976562	-407.519531
7915.440421	3.266598	35.932579	0.095564
7916.476501	3.267043	137.988281	6.152344
7916.478504	3.267462	137.988281	6.152344
7916.480504	3.267486	137.988281	6.152344
7916.482505	3.266883	137.988281	6.152344
7916.484504	3.266732	35.934048	0.579084
7917.514530	3.265849	1.171875	-406.835937
7917.516531	3.267153	1.171875	-406.835937
7917.518535	3.267401	1.171875	-406.835937
7917.520538	3.267072	1.171875	-406.835937
7917.522543	3.266721	1.171875	-406.835937
7917.524546	3.266614	35.932755	0.094682
7918.558629	3.266079	134.570312	6.445312
7918.560629	3.267297	134.570312	6.445312
7918.562631	3.267498	134.570312	6.445312
7918.564631	3.267167	134.570312	6.445312
7918.566630	3.266813	134.570312	6.445312
7918.568630	3.266731	35.934040	0.096607
7919.596703	3.266670	0.585937	-406.738281
7919.598705	3.267260	0.585937	-406.738281
7919.600705	3.267328	0.585937	-406.738281
7919.602705	3.266873	0.585937	-406.738281
7919.604706	3.266605	35.932655	0.242922
7920.640791	3.265290	132.617187	6.347656
7920.642792	3.267365	132.617187	6.347656
7920.644791	3.267772	132.617187	6.347656
7920.646791	3.267711	132.617187	6.347656
7920.648791	3.267106	132.617187	6.347656
7920.650793	3.267013	35.937141	0.098603
7921.680860	3.266531	0.097656	-406.542969
7921.682860	3.267224	0.097656	-406.542969
7921.684860	3.267308	0.097656	-406.542969
7921.686860	3.266891	0.097656	-406.542969
7921.688865	3.266668	35.933350	0.092466
7922.725391	3.266479	131.542969	6.445312
7922.727394	3.267162	131.542969	6.445312
7922.729392	3.267304	131.542969	6.445312
7922.733391	3.266546	131.542969	6.445312
7922.735393	3.266528	35.931808	0.098029
7923.761459	3.263653	-0.488281	-406.152344
7923.763462	3.263849	-0.488281	-406.152344
7923.765461	3.267363	-0.488281	-406.152344
7923.767468	3.267395	-0.488281	-406.152344
7923.769470	3.266942	-0.488281	-406.152344
7923.771471	3.266604	35.932640	0.094981
7924.807499	3.265040	132.324219	5.859375
7924.809502	3.267024	132.324219	5.859375
7924.811502	3.267055	132.324219	5.859375
7924.813501	3.267250	132.324219	5.859375
7924.815502	3.266815	132.324219	5.859375
7924.817502	3.266716	35.933880	0.098439
7925.845573	3.266743	-7.617187	-413.769531
7925.847576	3.267407	-7.617187	-413.769531
7925.849577	3.267550	-7.617187	-413.769531
7925.851576	3.267079	-7.617187	-413.769531
7925.853576	3.266794	35.934731	0.181855
7926.891605	3.264369	133.398437	6.054687
7926.893607	3.266898	133.398437	6.054687
7926.895608	3.267300	133.398437	6.054687
7926.897608	3.267257	133.398437	6.054687
7926.899608	3.266758	133.398437	6.054687
7926.901607	3.266668	35.933350	0.098369
7927.926149	3.265114	-2.636719	-407.910156
7927.928149	3.266968	-2.636719	-407.910156
7927.930151	3.267333	-2.636719	-407.910156
7927.932150	3.267223	-2.636719	-407.910156
7927.934151	3.266733	-2.636719	-407.910156
7927.936151	3.266618	35.932796	0.093868
7928.980186	3.267113	134.667969	5.957031
7928.982187	3.267450	134.667969	5.957031
7928.984189	3.267363	134.667969	5.957031
7928.986188	3.266826	134.667969	5.957031
7928.988187	3.266670	35.933369	0.094083
7930.010196	3.265594	-4.882812	-411.035156
7930.012197	3.267199	-4.882812	-411.035156
7930.014196	3.267516	-4.882812	-411.035156
7930.016198	3.267316	-4.882812	-411.035156
7930.018197	3.266827	-4.882812	-411.035156
7930.020198	3.266761	35.934368	0.093061
7931.061198	3.265238	130.175781	6.445312
7931.063200	3.267004	130.175781	6.445312
7931.065200	3.267338	130.175781	6.445312
7931.067200	3.267267	130.175781	6.445312
7931.069200	3.266739	130.175781	6.445312
7931.071200	3.266608	35.932682	0.095670
7932.093215	3.266324	-7.324219	-413.769531
7932.095216	3.267157	-7.324219	-413.769531
7932.097216	3.267377	-7.324219	-413.769531
7932.099216	3.266897	-7.324219	-413.769531
7932.101217	3.266621	35.932835	0.093475
7933.145756	3.266244	131.152344	6.250000
7933.147756	3.267193	131.152344	6.250000
7933.149757	3.267369	131.152344	6.250000
7933.151756	3.266893	131.152344	6.250000
7933.153756	3.266659	35.933250	0.098204
7934.174301	3.265779	-7.421875	-414.746094
7934.176305	3.267368	-7.421875	-414.746094
7934.178304	3.267705	-7.421875	-414.746094
7934.180304	3.267388	-7.421875	-414.746094
7934.182305	3.267063	-7.421875	-414.746094
7934.184303	3.266925	35.936176	0.093947
7935.228318	3.263907	131.347656	6.250000
7935.230321	3.266824	131.347656	6.250000
7935.232321	3.267302	131.347656	6.250000
7935.234324	3.267303	131.347656	6.250000
7935.236323	3.266769	131.347656	6.250000
7935.238326	3.266641	35.933056	0.094996
7936.258894	3.265842	-7.519531	-414.843750
7936.260895	3.267123	-7.519531	-414.843750
7936.262893	3.267377	-7.519531	-414.843750
7936.264894	3.267105	-7.519531	-414.843750
7936.266895	3.266674	-7.519531	-414.843750
7936.268895	3.266642	35.933067	0.093844
7937.311499	3.263791	125.781250	6.347656
7937.313504	3.267154	125.781250	6.347656
7937.315505	3.267755	125.781250	6.347656
7937.317504	3.267884	125.781250	6.347656
7937.319504	3.267272	125.781250	6.347656
7937.321506	3.267080	35.937878	0.097695
7938.341549	3.267732	-6.542969	-414.062500
7938.343548	3.267847	-6.542969	-414.062500
7938.345550	3.267456	-6.542969	-414.062500
7938.347550	3.267128	35.938408	0.094059
7939.396113	3.266687	128.808594	6.445312
7939.398115	3.267375	128.808594	6.445312
7939.400115	3.267515	128.808594	6.445312
7939.404112	3.266808	128.808594	6.445312
7939.406114	3.266711	35.933826	0.130976
7940.422188	3.266423	-12.109375	-419.042969
7940.424190	3.267415	-12.109375	-419.042969
7940.426191	3.267612	-12.109375	-419.042969
7940.428191	3.267229	-12.109375	-419.042969
7940.430195	3.266957	35.936523	0.096262
7941.475738	1.754897	126.269531	6.640625
7941.480974	3.267122	126.269531	6.640625
7941.482977	3.267497	126.269531	6.640625
7941.484978	3.267207	126.269531	6.640625
7941.486977	3.266832	126.269531	6.640625
7941.488977	3.266714	35.933853	0.097273
7942.505083	3.266516	-10.546875	-417.382812
7942.507086	3.267551	-10.546875	-417.382812
7942.509087	3.267807	-10.546875	-417.382812
7942.511085	3.267389	-10.546875	-417.382812
7942.515085	3.266894	35.935837	0.094992
7943.563130	3.263870	124.609375	6.445312
7943.565131	3.266886	124.609375	6.445312
7943.567130	3.267488	124.609375	6.445312
7943.569131	3.267501	124.609375	6.445312
7943.571132	3.266976	124.609375	6.445312
7943.573130	3.266835	35.935181	0.095319
7944.591160	3.267648	-7.226562	-413.964844
7944.593163	3.267830	-7.226562	-413.964844
7944.595163	3.267285	-7.226562	-413.964844
7944.597163	3.266977	35.936752	0.093713
7945.645725	3.266460	125.292969	6.347656
7945.647726	3.267370	125.292969	6.347656
7945.649725	3.267569	125.292969	6.347656
7945.653724	3.266805	125.292969	6.347656
7945.655727	3.266848	35.935326	0.094743
7946.671787	3.264503	-7.714844	-414.355469
7946.675788	3.266808	-7.714844	-414.355469
7946.677789	3.267096	-7.714844	-414.355469
7946.679790	3.266641	-7.714844	-414.355469
7946.681789	3.266486	35.931347	0.094333
7947.729873	3.266541	131.152344	5.957031
7947.731873	3.267210	131.152344	5.957031
7947.733873	3.267351	131.152344	5.957031
7947.735873	3.266969	131.152344	5.957031
7947.737873	3.266670	35.933369	0.092246
7948.757873	3.267323	-7.031250	-413.378906
7948.759876	3.267620	-7.031250	-413.378906
7948.761875	3.267297	-7.031250	-413.378906
7948.763876	3.266892	-7.031250	-413.378906
7948.765875	3.266815	35.934963	0.091249
7949.810453	3.264887	125.195312	6.738281
7949.812456	3.266895	125.195312	6.738281
7949.814457	3.267355	125.195312	6.738281
7949.816456	3.267268	125.195312	6.738281
7949.818456	3.266745	125.195312	6.738281
7949.820456	3.266589	35.932480	0.096628
7950.840531	3.267267	-6.933594	-412.695312
7950.842533	3.267622	-6.933594	-412.695312
7950.844532	3.267627	-6.933594	-412.695312
7950.846531	3.266960	-6.933594	-412.695312
7950.848533	3.266807	35.934872	0.091647
7951.895131	3.265617	125.292969	6.933594
7951.897132	3.267184	125.292969	6.933594
7951.899130	3.267503	125.292969	6.933594
7951.901133	3.267226	125.292969	6.933594
7951.903137	3.266895	125.292969	6.933594
7951.905136	3.266734	35.934074	0.094333
7952.921187	3.265700	-11.621094	-416.503906
7952.923191	3.267317	-11.621094	-416.503906
7952.925189	3.267601	-11.621094	-416.503906
7952.927189	3.267452	-11.621094	-416.503906
7952.929188	3.266925	-11.621094	-416.503906
7952.931188	3.266839	35.935226	0.093980
7953.979213	3.266797	124.511719	7.421875
7953.981215	3.266778	124.511719	7.421875
7953.983217	3.267762	124.511719	7.421875
7953.985216	3.267322	124.511719	7.421875
7953.987216	3.267006	35.937061	0.093159
7955.003269	3.264919	-7.812500	-412.402344
7955.007267	3.267073	-7.812500	-412.402344
7955.009270	3.267058	-7.812500	-412.402344
7955.011270	3.266528	-7.812500	-412.402344
7955.013271	3.266481	35.931293	0.095314
7956.061334	3.264403	123.437500	7.617187
7956.063334	3.266678	123.437500	7.617187
7956.067334	3.267044	123.437500	7.617187
7956.069335	3.266664	123.437500	7.617187
7956.071334	3.266519	35.931709	0.094449
7957.089366	3.266600	-9.082031	-413.574219
7957.091366	3.267308	-9.082031	-413.574219
7957.093368	3.267371	-9.082031	-413.574219
7957.095367	3.266864	-9.082031	-413.574219
7957.097367	3.266645	35.933090	0.092079
7958.145918	3.266947	122.363281	7.519531
7958.147919	3.267509	122.363281	7.519531
7958.149919	3.267599	122.363281	7.519531
7958.151921	3.267022	122.363281	7.519531
7958.155919	3.266785	35.934635	0.403556
7959.169958	3.265160	-11.230469	-413.574219
7959.171958	3.267010	-11.230469	-413.574219
7959.173958	3.267301	-11.230469	-413.574219
7959.175960	3.267336	-11.230469	-413.574219
7959.177958	3.266725	-11.230469	-413.574219
7959.179958	3.266594	35.932533	0.094088
7960.230020	3.267122	120.312500	7.812500
7960.232020	3.267359	120.312500	7.812500
7960.234022	3.266942	120.312500	7.812500
7960.238020	3.266587	35.932453	0.092246
7961.254091	3.266230	-8.203125	-410.351562
7961.256092	3.267115	-8.203125	-410.351562
7961.258093	3.267317	-8.203125	-410.351562
7961.260093	3.266979	-8.203125	-410.351562
7961.262093	3.266597	35.932568	0.094289
7962.310133	3.266514	125.585937	8.203125
7962.312137	3.267203	125.585937	8.203125
7962.314137	3.267313	125.585937	8.203125
7962.316138	3.266871	125.585937	8.203125
7962.318136	3.266650	35.933155	0.114303
7963.337110	3.266427	-12.500000	-412.792969
7963.339112	3.267237	-12.500000	-412.792969
7963.341113	3.267357	-12.500000	-412.792969
7963.343111	3.266848	-12.500000	-412.792969
7963.345113	3.266691	35.933605	0.092961
7964.391188	3.265826	123.242187	8.593750
7964.393189	3.267133	123.242187	8.593750
7964.395188	3.267424	123.242187	8.593750
7964.397188	3.267112	123.242187	8.593750
7964.399190	3.266731	123.242187	8.593750
7964.401189	3.266688	35.933571	0.096152
7965.421266	3.267547	-12.500000	-411.523437
7965.423268	3.267785	-12.500000	-411.523437
7965.425269	3.267563	-12.500000	-411.523437
7965.427268	3.267044	-12.500000	-411.523437
7965.429268	3.266937	35.936310	0.094420
7966.477878	3.266971	117.968750	9.277344
7966.479878	3.267426	117.968750	9.277344
7966.481879	3.267391	117.968750	9.277344
7966.483879	3.266840	117.968750	9.277344
7966.485879	3.266683	35.933517	0.092920
7967.503974	3.262716	-16.699219	-413.769531
7967.505974	3.266532	-16.699219	-413.769531
7967.507975	3.267230	-16.699219	-413.769531
7967.509974	3.267317	-16.699219	-413.769531
7967.511974	3.266806	-16.699219	-413.769531
7967.513975	3.266690	35.933594	0.093591
7968.558042	3.266177	123.242187	9.472656
7968.560044	3.267304	123.242187	9.472656
7968.562043	3.267143	123.242187	9.472656
7968.564043	3.266697	123.242187	9.472656
7968.566044	3.266592	35.932514	0.095899
7969.588625	3.265063	-14.355469	-411.132812
7969.590628	3.266926	-14.355469	-411.132812
7969.592627	3.267305	-14.355469	-411.132812
7969.594627	3.267169	-14.355469	-411.132812
7969.596627	3.266659	-14.355469	-411.132812
7969.598627	3.266593	35.932526	0.092053
7970.640678	3.123071	123.046875	9.765625
7970.642678	3.267264	123.046875	9.765625
7970.644678	3.267418	123.046875	9.765625
7970.646679	3.267023	123.046875	9.765625
7970.648679	3.266648	35.933125	0.091174
7971.673222	3.266270	-16.015625	-411.621094
7971.675225	3.267307	-16.015625	-411.621094
7971.677224	3.267517	-16.015625	-411.621094
7971.679222	3.267158	-16.015625	-411.621094
7971.681224	3.266670	35.933369	0.090922
7972.721280	3.264922	121.777344	10.253906
7972.723283	3.267327	121.777344	10.253906
7972.725283	3.267767	121.777344	10.253906
7972.727283	3.267707	121.777344	10.253906
7972.729284	3.267221	121.777344	10.253906
7972.731284	3.267026	35.937283	0.094586
7973.755344	3.265485	-11.914062	-407.812500
7973.757346	3.267313	-11.914062	-407.812500
7973.759345	3.267569	-11.914062	-407.812500
7973.761345	3.267533	-11.914062	-407.812500
7973.763346	3.266957	-11.914062	-407.812500
7973.765345	3.266911	35.936016	0.091774
7974.803389	3.264000	121.191406	10.449219
7974.805389	3.266836	121.191406	10.449219
7974.807390	3.267276	121.191406	10.449219
7974.809390	3.267325	121.191406	10.449219
7974.811389	3.266793	121.191406	10.449219
7974.813391	3.266620	35.932816	0.095243
7975.841403	3.267366	-14.941406	-409.667969
7975.843405	3.267644	-14.941406	-409.667969
7975.845405	3.267421	-14.941406	-409.667969
7975.847406	3.266880	-14.941406	-409.667969
7975.849405	3.266819	35.935005	0.091377
7976.889458	3.267085	122.363281	11.035156
7976.891459	3.267100	122.363281	11.035156
7976.893460	3.267190	122.363281	11.035156
7976.895459	3.266684	122.363281	11.035156
7976.899459	3.266694	35.933632	0.091562
7977.922023	3.264440	-14.355469	-408.398437
7977.924025	3.267180	-14.355469	-408.398437
7977.926026	3.267726	-14.355469	-408.398437
7977.928026	3.267733	-14.355469	-408.398437
7977.932023	3.267118	-14.355469	-408.398437
7977.934026	3.267069	35.937763	0.091846
7978.970100	3.266139	122.070312	11.230469
7978.972101	3.267159	122.070312	11.230469
7978.974107	3.267417	122.070312	11.230469
7978.978108	3.266736	122.070312	11.230469
7978.980109	3.266766	35.934422	0.094717
7980.004670	3.263541	-10.351562	-404.980469
7980.006673	3.266685	-10.351562	-404.980469
7980.008671	3.267230	-10.351562	-404.980469
7980.010674	3.267246	-10.351562	-404.980469
7980.014672	3.266466	-10.351562	-404.980469
7980.016672	3.266564	35.932205	0.093156
7981.050717	3.266433	117.675781	11.621094
7981.052719	3.267189	117.675781	11.621094
7981.054720	3.267474	117.675781	11.621094
7981.056719	3.266954	117.675781	11.621094
7981.058719	3.266615	35.932762	0.096213
7982.088742	3.264317	-12.207031	-405.859375
7982.090744	3.266892	-12.207031	-405.859375
7982.092743	3.267444	-12.207031	-405.859375
7982.094743	3.267478	-12.207031	-405.859375
7982.096744	3.267396	-12.207031	-405.859375
7982.098743	3.266691	35.933605	0.090528
7983.136789	3.266410	116.406250	12.011719
7983.138789	3.267487	116.406250	12.011719
7983.140791	3.267705	116.406250	12.011719
7983.142792	3.267315	116.406250	12.011719
7983.146789	3.266991	35.936901	0.091871
7984.172824	3.266107	-5.664062	-400.781250
7984.174824	3.267497	-5.664062	-400.781250
7984.176825	3.267813	-5.664062	-400.781250
7984.178824	3.267536	-5.664062	-400.781250
7984.180825	3.267074	-5.664062	-400.781250
7984.182825	3.267044	35.937489	0.092038
7985.215393	3.264010	116.406250	12.597656
7985.217396	3.267008	116.406250	12.597656
7985.219395	3.267503	116.406250	12.597656
7985.221397	3.267512	116.406250	12.597656
7985.223396	3.267019	116.406250	12.597656
7985.227394	3.266804	35.934845	0.097964
7986.257420	3.267112	-3.125000	-398.046875
7986.259421	3.267660	-3.125000	-398.046875
7986.261423	3.267508	-3.125000	-398.046875
7986.263423	3.267093	-3.125000	-398.046875
7986.265424	3.266915	35.936069	0.089972
7987.299456	3.264867	116.308594	12.988281
7987.301458	3.267308	116.308594	12.988281
7987.303458	3.267759	116.308594	12.988281
7987.305457	3.267751	116.308594	12.988281
7987.307458	3.267147	116.308594	12.988281
7987.309458	3.267013	35.937141	0.095856
7988.339541	3.265940	-5.468750	-399.218750
7988.341541	3.267198	-5.468750	-399.218750
7988.345539	3.267198	-5.468750	-399.218750
7988.347541	3.266797	-5.468750	-399.218750
7988.349543	3.266723	35.933952	0.088458
7989.384083	3.265218	115.136719	13.378906
7989.386086	3.267092	115.136719	13.378906
7989.388093	3.267393	115.136719	13.378906
7989.392095	3.266828	115.136719	13.378906
7989.394099	3.266690	115.136719	13.378906
7989.396096	3.266753	35.934280	0.093542
7990.422107	3.264664	-10.742187	-402.148437
7990.424108	3.267082	-10.742187	-402.148437
7990.426108	3.267605	-10.742187	-402.148437
7990.428110	3.267536	-10.742187	-402.148437
7990.430108	3.267078	-10.742187	-402.148437
7990.432108	3.266923	35.936157	0.090182
7991.466165	3.266927	116.308594	13.476562
7991.468168	3.267547	116.308594	13.476562
7991.472167	3.267131	116.308594	13.476562
7991.474167	3.266919	116.308594	13.476562
7991.476169	3.266919	35.936111	0.242709
7992.504212	3.265088	-7.812500	-399.609375
7992.506214	3.267027	-7.812500	-399.609375
7992.508214	3.267346	-7.812500	-399.609375
7992.510214	3.267283	-7.812500	-399.609375
7992.512214	3.266756	-7.812500	-399.609375
7992.514214	3.266665	35.933311	0.091089
7993.550279	3.265175	114.453125	13.671875
7993.552279	3.267030	114.453125	13.671875
7993.554279	3.267325	114.453125	13.671875
7993.556281	3.267226	114.453125	13.671875
7993.558281	3.266711	114.453125	13.671875
7993.560281	3.266627	35.932899	0.093457
7994.588355	3.266237	-8.300781	-399.902344
7994.590356	3.267215	-8.300781	-399.902344
7994.592357	3.267325	-8.300781	-399.902344
7994.594360	3.266968	-8.300781	-399.902344
7994.596358	3.266585	35.932438	0.090351
7995.632405	3.265120	118.554687	13.867187
7995.634406	3.267097	118.554687	13.867187
7995.636406	3.267591	118.554687	13.867187
7995.638408	3.267473	118.554687	13.867187
7995.640407	3.266915	118.554687	13.867187
7995.642407	3.266837	35.935207	0.093874
7996.672939	3.266714	-12.988281	-402.050781
7996.674939	3.267279	-12.988281	-402.050781
7996.676939	3.267268	-12.988281	-402.050781
7996.678941	3.266757	-12.988281	-402.050781
7996.680941	3.266641	35.933056	0.444195
7997.717003	3.267415	114.550781	14.062500
7997.719007	3.267707	114.550781	14.062500
7997.721006	3.267457	114.550781	14.062500
7997.723005	3.267083	114.550781	14.062500
7997.725006	3.267044	35.937481	0.096462
7998.757060	3.267023	-6.835937	-397.949219
7998.759061	3.267360	-6.835937	-397.949219
7998.761060	3.267098	-6.835937	-397.949219
7998.763060	3.267138	-6.835937	-397.949219
7998.765060	3.266558	35.932144	0.088640
7999.799599	3.266588	116.601562	14.355469
7999.801599	3.267406	116.601562	14.355469
7999.803600	3.267661	116.601562	14.355469
7999.805600	3.267189	116.601562	14.355469
7999.807602	3.266821	35.935032	0.093201
8000.837654	3.265671	-12.402344	-401.171875
8000.839656	3.267338	-12.402344	-401.171875
8000.841655	3.267622	-12.402344	-401.171875
8000.843656	3.267518	-12.402344	-401.171875
8000.845655	3.266940	-12.402344	-401.171875
8000.847655	3.266899	35.935894	0.091153
8001.881736	3.266190	117.187500	14.062500
8001.883735	3.267145	117.187500	14.062500
8001.885735	3.267442	117.187500	14.062500
8001.889733	3.266688	117.187500	14.062500
8001.893734	3.266629	35.932922	0.094229
8002.922319	3.266728	-7.226562	-397.851562
8002.924321	3.267299	-7.226562	-397.851562
8002.926321	3.267302	-7.226562	-397.851562
8002.928322	3.266777	-7.226562	-397.851562
8002.932319	3.266590	35.932487	0.089120
8003.965296	3.265091	118.164062	14.355469
8003.967298	3.267003	118.164062	14.355469
8003.969298	3.267353	118.164062	14.355469
8003.971298	3.267259	118.164062	14.355469
8003.973298	3.266730	118.164062	14.355469
8003.975298	3.266602	35.932621	0.093203
8005.003371	3.266528	-14.160156	-402.539062
8005.005372	3.267588	-14.160156	-402.539062
8005.007373	3.267745	-14.160156	-402.539062
8005.009374	3.267368	-14.160156	-402.539062
8005.011372	3.267000	35.937000	0.091465
8006.049451	3.267065	114.550781	14.355469
8006.051452	3.267363	114.550781	14.355469
8006.053455	3.267125	114.550781	14.355469
8006.055454	3.266666	114.550781	14.355469
8006.057454	3.266627	35.932899	0.093857
8007.087471	3.266505	-10.742187	-400.097656
8007.089475	3.267346	-10.742187	-400.097656
8007.091473	3.267421	-10.742187	-400.097656
8007.093473	3.267058	-10.742187	-400.097656
8007.095476	3.266723	35.933952	0.090614
8008.132072	3.265691	113.281250	14.453125
8008.134073	3.267453	113.281250	14.453125
8008.136074	3.267828	113.281250	14.453125
8008.138073	3.267616	113.281250	14.453125
8008.140074	3.267209	113.281250	14.453125
8008.142073	3.267124	35.938362	0.092641
8009.170138	3.266770	-17.382812	-403.222656
8009.172142	3.267398	-17.382812	-403.222656
8009.174141	3.267419	-17.382812	-403.222656
8009.176142	3.266848	-17.382812	-403.222656
8009.178139	3.266763	35.934395	0.274920
8010.216204	3.265647	111.718750	14.648437
8010.218205	3.267088	111.718750	14.648437
8010.220204	3.267376	111.718750	14.648437
8010.222205	3.267116	111.718750	14.648437
8010.224207	3.266653	111.718750	14.648437
8010.226206	3.266591	35.932495	0.091746
8011.252279	3.266914	-12.500000	-400.000000
8011.254283	3.267378	-12.500000	-400.000000
8011.256282	3.267331	-12.500000	-400.000000
8011.258281	3.266798	-12.500000	-400.000000
8011.260281	3.266721	35.933933	0.541756
8012.299296	3.266330	113.671875	14.355469
8012.301300	3.267474	113.671875	14.355469
8012.303301	3.267643	113.671875	14.355469
8012.305299	3.267276	113.671875	14.355469
8012.307299	3.267254	35.939793	0.092630
8013.333382	3.265090	-14.941406	-401.464844
8013.335383	3.267072	-14.941406	-401.464844
8013.337385	3.267410	-14.941406	-401.464844
8013.341386	3.266724	-14.941406	-401.464844
8013.343387	3.266712	-14.941406	-401.464844
8013.345389	3.266623	35.932854	0.093791
8014.383915	3.266819	117.675781	14.257812
8014.385917	3.267362	117.675781	14.257812
8014.387918	3.267400	117.675781	14.257812
8014.389917	3.266882	117.675781	14.257812
8014.391916	3.266712	35.933838	0.091666
8015.419910	3.267280	-22.753906	-405.859375
8015.421912	3.267308	-22.753906	-405.859375
8015.423913	3.266756	-22.753906	-405.859375
8015.425912	3.266605	35.932655	0.545883
8016.465935	3.267048	114.746094	14.355469
8016.467936	3.267618	114.746094	14.355469
8016.469936	3.267664	114.746094	14.355469
8016.471936	3.267029	114.746094	14.355469
8016.473937	3.266820	35.935024	0.528178
8017.498496	3.265416	-22.753906	-406.640625
8017.500498	3.267263	-22.753906	-406.640625
8017.502498	3.267708	-22.753906	-406.640625
8017.506496	3.267053	-22.753906	-406.640625
8017.508497	3.266938	-22.753906	-406.640625
8017.512495	3.266874	35.935616	0.090243
8018.548499	3.265925	112.695312	14.355469
8018.552498	3.267484	112.695312	14.355469
8018.556499	3.266898	112.695312	14.355469
8018.558502	3.266757	112.695312	14.355469
8018.560501	3.266727	35.933998	0.092878
8019.580584	3.266029	-20.019531	-404.394531
8019.582588	3.267484	-20.019531	-404.394531
8019.584590	3.267889	-20.019531	-404.394531
8019.588590	3.267114	-20.019531	-404.394531
8019.590594	3.267072	-20.019531	-404.394531
8019.592593	3.267008	35.937088	0.090883
8020.634688	3.267401	109.765625	14.550781
8020.636692	3.267497	109.765625	14.550781
8020.638690	3.267008	109.765625	14.550781
8020.640690	3.266823	35.935051	0.202466
8021.662747	3.266374	-20.605469	-404.492187
8021.664750	3.267442	-20.605469	-404.492187
8021.666748	3.267670	-20.605469	-404.492187
8021.668748	3.267281	-20.605469	-404.492187
8021.670750	3.267234	35.939579	0.089806
8022.716773	3.266739	112.890625	14.257812
8022.718775	3.267287	112.890625	14.257812
8022.720777	3.267333	112.890625	14.257812
8022.722777	3.266778	112.890625	14.257812
8022.724776	3.266654	35.933197	0.391912
8023.749347	3.267135	-18.945312	-403.613281
8023.751349	3.267421	-18.945312	-403.613281
8023.753349	3.267146	-18.945312	-403.613281
8023.755350	3.266749	-18.945312	-403.613281
8023.757350	3.266638	35.933022	0.087791
8024.799373	3.266000	115.625000	14.257812
8024.801375	3.267609	115.625000	14.257812
8024.803373	3.267886	115.625000	14.257812
8024.805375	3.267607	115.625000	14.257812
8024.807375	3.267206	115.625000	14.257812
8024.809374	3.267040	35.937443	0.089723
8025.829391	3.266422	-21.191406	-404.589844
8025.831393	3.267504	-21.191406	-404.589844
8025.833394	3.267691	-21.191406	-404.589844
8025.835395	3.267404	-21.191406	-404.589844
8025.837394	3.266885	35.935734	0.088632
8026.881918	3.265371	109.472656	14.355469
8026.883920	3.267350	109.472656	14.355469
8026.885920	3.267709	109.472656	14.355469
8026.889917	3.267152	109.472656	14.355469
8026.891919	3.267033	109.472656	14.355469
8026.893920	3.266995	35.936947	0.093568
8027.912028	3.266869	-22.363281	-404.980469
8027.914031	3.267682	-22.363281	-404.980469
8027.916032	3.267842	-22.363281	-404.980469
8027.918031	3.267384	-22.363281	-404.980469
8027.920031	3.267069	35.937763	0.089229
8028.964051	3.264921	109.570312	14.257812
8028.966055	3.267119	109.570312	14.257812
8028.968054	3.267639	109.570312	14.257812
8028.970055	3.267561	109.570312	14.257812
8028.972054	3.267057	109.570312	14.257812
8028.974054	3.266848	35.935326	0.091795
8029.992078	3.264792	-22.851562	-404.589844
8029.994079	3.267138	-22.851562	-404.589844
8029.996081	3.267656	-22.851562	-404.589844
8029.998082	3.267568	-22.851562	-404.589844
8030.000080	3.267062	-22.851562	-404.589844
8030.004079	3.266803	35.934830	0.091475
8031.050150	3.266528	112.890625	14.257812
8031.052152	3.267334	112.890625	14.257812
8031.054155	3.267565	112.890625	14.257812
8031.056156	3.267049	112.890625	14.257812
8031.058155	3.266750	35.934254	0.090333
8032.074757	3.265367	-19.726562	-402.636719
8032.076761	3.267059	-19.726562	-402.636719
8032.078760	3.267050	-19.726562	-402.636719
8032.080760	3.267172	-19.726562	-402.636719
8032.084758	3.266688	-19.726562	-402.636719
8032.086759	3.266646	35.933109	0.090014
8033.133752	3.267274	112.792969	14.160156
8033.135755	3.267399	112.792969	14.160156
8033.137754	3.267001	112.792969	14.160156
8033.139754	3.266756	35.934315	0.089465
8034.158730	3.265686	-23.144531	-404.394531
8034.160731	3.267165	-23.144531	-404.394531
8034.162733	3.267401	-23.144531	-404.394531
8034.164730	3.267100	-23.144531	-404.394531
8034.166731	3.266788	-23.144531	-404.394531
8034.168731	3.266721	35.933933	0.089751
8035.214817	3.266785	107.812500	14.257812
8035.216819	3.267320	107.812500	14.257812
8035.218820	3.267326	107.812500	14.257812
8035.220819	3.266795	107.812500	14.257812
8035.224818	3.266635	35.932983	0.091841
8036.242853	3.266678	-26.171875	-405.371094
8036.244854	3.267524	-26.171875	-405.371094
8036.250853	3.266898	-26.171875	-405.371094
8036.252856	3.266845	-26.171875	-405.371094
8036.254856	3.266896	35.935856	0.087729
8037.296895	3.263544	112.597656	14.355469
8037.298899	3.266865	112.597656	14.355469
8037.302896	3.267480	112.597656	14.355469
8037.304897	3.266960	112.597656	14.355469
8037.306899	3.266818	35.934998	0.089623
8038.325437	3.264548	-27.050781	-405.468750
8038.327438	3.266745	-27.050781	-405.468750
8038.329438	3.267164	-27.050781	-405.468750
8038.331439	3.267109	-27.050781	-405.468750
8038.333438	3.266589	-27.050781	-405.468750
8038.335439	3.266551	35.932064	0.089385
8039.381526	3.266577	112.597656	14.550781
8039.383528	3.267198	112.597656	14.550781
8039.385528	3.267348	112.597656	14.550781
8039.387527	3.266908	112.597656	14.550781
8039.389528	3.266620	35.932816	0.115748
8040.409585	3.266471	-27.929687	-404.785156
8040.411588	3.267210	-27.929687	-404.785156
8040.413587	3.267417	-27.929687	-404.785156
8040.415587	3.266868	-27.929687	-404.785156
8040.417589	3.266625	35.932880	0.087481
8041.465639	3.267023	106.054687	14.746094
8041.467642	3.267346	106.054687	14.746094
8041.469640	3.267047	106.054687	14.746094
8041.471640	3.266682	106.054687	14.746094
8041.473640	3.266598	35.932579	0.088624
8042.491694	3.266687	-23.437500	-402.246094
8042.495694	3.267678	-23.437500	-402.246094
8042.497696	3.267259	-23.437500	-402.246094
8042.501693	3.266919	35.936104	0.088578
8043.545733	3.264502	107.031250	15.332031
8043.547735	3.266797	107.031250	15.332031
8043.549735	3.267300	107.031250	15.332031
8043.551735	3.267225	107.031250	15.332031
8043.553736	3.266677	107.031250	15.332031
8043.555735	3.266631	35.932941	0.090136
8044.573771	3.264719	-27.441406	-403.515625
8044.575771	3.267255	-27.441406	-403.515625
8044.577776	3.267783	-27.441406	-403.515625
8044.579776	3.267715	-27.441406	-403.515625
8044.581780	3.267189	-27.441406	-403.515625
8044.583780	3.267143	35.938568	0.089826
8045.629877	3.267007	110.058594	15.722656
8045.631879	3.267321	110.058594	15.722656
8045.633878	3.267147	110.058594	15.722656
8045.635878	3.266696	110.058594	15.722656
8045.637879	3.266600	35.932606	0.091988
8046.657888	3.265160	-25.585937	-401.953125
8046.659890	3.267135	-25.585937	-401.953125
8046.661890	3.267527	-25.585937	-401.953125
8046.663890	3.267371	-25.585937	-401.953125
8046.665890	3.266901	-25.585937	-401.953125
8046.667890	3.266907	35.935978	0.087775
8047.711932	3.266626	108.593750	16.308594
8047.713932	3.267707	108.593750	16.308594
8047.715934	3.267911	108.593750	16.308594
8047.719932	3.267084	108.593750	16.308594
8047.721934	3.267033	35.937363	0.089201
8048.741954	3.266527	-27.441406	-402.148437
8048.743955	3.267258	-27.441406	-402.148437
8048.745955	3.267304	-27.441406	-402.148437
8048.747957	3.266874	-27.441406	-402.148437
8048.749956	3.266679	35.933472	0.169180
8049.794043	3.266807	108.886719	16.113281
8049.796044	3.267570	108.886719	16.113281
8049.798045	3.267763	108.886719	16.113281
8049.800045	3.267148	108.886719	16.113281
8049.802044	3.266885	35.935734	0.117527
8050.824062	3.266567	-27.539062	-401.660156
8050.826067	3.267433	-27.539062	-401.660156
8050.828072	3.267561	-27.539062	-401.660156
8050.830072	3.267047	-27.539062	-401.660156
8050.832073	3.266829	35.935123	0.089187
8051.878137	3.266844	108.691406	16.308594
8051.880138	3.267516	108.691406	16.308594
8051.882139	3.267488	108.691406	16.308594
8051.884140	3.266936	108.691406	16.308594
8051.886139	3.266849	35.935341	0.299987
8052.908703	3.265538	-21.191406	-397.460937
8052.910704	3.267086	-21.191406	-397.460937
8052.914700	3.267128	-21.191406	-397.460937
8052.916702	3.266726	-21.191406	-397.460937
8052.918702	3.266647	35.933117	0.086385
8053.960745	3.267894	106.152344	16.992187
8053.962748	3.267881	106.152344	16.992187
8053.964747	3.267252	106.152344	16.992187
8053.966748	3.267110	35.938213	0.093690
8054.992826	3.267106	-23.632812	-398.144531
8054.994827	3.267620	-23.632812	-398.144531
8054.996827	3.267474	-23.632812	-398.144531
8054.998831	3.267029	-23.632812	-398.144531
8055.000828	3.267004	35.937042	0.089683
8056.041418	3.265273	107.812500	16.699219
8056.043421	3.267065	107.812500	16.699219
8056.045419	3.267490	107.812500	16.699219
8056.047421	3.267327	107.812500	16.699219
8056.049419	3.266783	107.812500	16.699219
8056.051419	3.266729	35.934021	0.090769
8057.075423	3.266693	-22.558594	-396.777344
8057.077424	3.267647	-22.558594	-396.777344
8057.079424	3.267857	-22.558594	-396.777344
8057.081423	3.267356	-22.558594	-396.777344
8057.085424	3.267114	35.938251	0.085971
8058.124382	3.266579	107.421875	17.480469
8058.128381	3.267381	107.421875	17.480469
8058.130385	3.266865	107.421875	17.480469
8058.132383	3.266624	35.932861	0.186015
8059.158485	3.266039	-28.222656	-398.144531
8059.160487	3.267152	-28.222656	-398.144531
8059.162500	3.267388	-28.222656	-398.144531
8059.164499	3.266999	-28.222656	-398.144531
8059.166498	3.266685	-28.222656	-398.144531
8059.168499	3.266646	35.933109	0.086788
8060.206582	3.266936	111.132812	17.578125
8060.208583	3.266965	111.132812	17.578125
8060.210585	3.267313	111.132812	17.578125
8060.214581	3.266689	111.132812	17.578125
8060.216585	3.266699	35.933685	0.089507
8061.240608	3.263643	-27.441406	-397.167969
8061.242609	3.266843	-27.441406	-397.167969
8061.244611	3.267449	-27.441406	-397.167969
8061.246608	3.267508	-27.441406	-397.167969
8061.248611	3.267027	-27.441406	-397.167969
8061.250609	3.266887	35.935760	0.090702
8062.288681	3.266807	103.710937	17.773437
8062.290683	3.267375	103.710937	17.773437
8062.292683	3.267429	103.710937	17.773437
8062.294683	3.266907	103.710937	17.773437
8062.296684	3.266764	35.934402	0.089477
8063.324718	3.265876	-17.578125	-391.894531
8063.326719	3.267618	-17.578125	-391.894531
8063.330718	3.267775	-17.578125	-391.894531
8063.332721	3.267164	-17.578125	-391.894531
8063.334721	3.267085	35.937931	0.089934
8064.370745	3.266551	108.203125	18.554687
8064.372748	3.267638	108.203125	18.554687
8064.374749	3.267810	108.203125	18.554687
8064.376748	3.267415	108.203125	18.554687
8064.378748	3.267046	35.937508	0.089499
8065.407308	3.264975	-24.023437	-394.433594
8065.409309	3.266911	-24.023437	-394.433594
8065.411311	3.267294	-24.023437	-394.433594
8065.413311	3.267281	-24.023437	-394.433594
8065.415310	3.266704	-24.023437	-394.433594
8065.417311	3.266580	35.932384	0.090012
8066.453333	3.265278	105.957031	18.847656
8066.455339	3.267164	105.957031	18.847656
8066.457345	3.267596	105.957031	18.847656
8066.459346	3.267438	105.957031	18.847656
8066.463346	3.266864	105.957031	18.847656
8066.465347	3.266890	35.935783	0.089739
8067.491393	3.264383	-23.535156	-393.066406
8067.493393	3.266898	-23.535156	-393.066406
8067.495395	3.267394	-23.535156	-393.066406
8067.497393	3.267329	-23.535156	-393.066406
8067.501391	3.266664	-23.535156	-393.066406
8067.503395	3.266704	35.933746	0.087098
8068.537491	3.266781	103.515625	18.847656
8068.539493	3.267396	103.515625	18.847656
8068.541494	3.267461	103.515625	18.847656
8068.543493	3.266956	103.515625	18.847656
8068.545493	3.266749	35.934235	0.227046
8069.573522	3.264099	-23.632812	-392.578125
8069.575524	3.267079	-23.632812	-392.578125
8069.579522	3.267624	-23.632812	-392.578125
8069.581524	3.267080	-23.632812	-392.578125
8069.583524	3.266944	35.936390	0.088322
8070.617596	3.267039	102.636719	19.238281
8070.619598	3.267798	102.636719	19.238281
8070.621598	3.267942	102.636719	19.238281
8070.623599	3.267379	102.636719	19.238281
8070.625600	3.267134	35.938469	0.122071
8071.657705	3.264854	-22.949219	-391.113281
8071.659706	3.267014	-22.949219	-391.113281
8071.661706	3.267436	-22.949219	-391.113281
8071.663707	3.267440	-22.949219	-391.113281
8071.667706	3.266729	-22.949219	-391.113281
8071.669707	3.266685	35.933537	0.087131
8072.701788	3.266837	107.031250	19.628906
8072.703790	3.267777	107.031250	19.628906
8072.707790	3.267450	107.031250	19.628906
8072.709790	3.267047	107.031250	19.628906
8072.713788	3.267036	35.937397	0.087351
8073.740333	3.265743	-16.894531	-388.085937
8073.742334	3.267494	-16.894531	-388.085937
8073.744334	3.267751	-16.894531	-388.085937
8073.746334	3.267630	-16.894531	-388.085937
8073.748333	3.267114	-16.894531	-388.085937
8073.750334	3.266970	35.936672	0.089521
8074.784907	3.265584	106.542969	19.921875
8074.786911	3.267089	106.542969	19.921875
8074.788910	3.267499	106.542969	19.921875
8074.790910	3.267407	106.542969	19.921875
8074.792909	3.266749	106.542969	19.921875
8074.794909	3.266610	35.932713	0.086741
8075.823474	3.267143	-23.535156	-389.941406
8075.825475	3.267793	-23.535156	-389.941406
8075.827477	3.267811	-23.535156	-389.941406
8075.831474	3.267018	-23.535156	-389.941406
8075.835475	3.266936	35.936291	0.088694
8076.867478	3.266572	101.464844	20.019531
8076.869480	3.267467	101.464844	20.019531
8076.871481	3.267567	101.464844	20.019531
8076.873482	3.267045	101.464844	20.019531
8076.875480	3.266835	35.935181	0.088192
8077.905529	3.264769	-19.726562	-388.281250
8077.909529	3.267648	-19.726562	-388.281250
8077.911535	3.267491	-19.726562	-388.281250
8077.913539	3.267013	-19.726562	-388.281250
8077.915539	3.266859	35.935448	0.088205
8078.951576	3.266791	101.171875	19.921875
8078.953578	3.267342	101.171875	19.921875
8078.955578	3.267490	101.171875	19.921875
8078.957578	3.266991	101.171875	19.921875
8078.959579	3.266703	35.933731	0.224325
8079.989574	3.265809	-18.457031	-387.109375
8079.991575	3.267136	-18.457031	-387.109375
8079.993575	3.267448	-18.457031	-387.109375
8079.995575	3.267201	-18.457031	-387.109375
8079.997576	3.266766	-18.457031	-387.109375
8079.999575	3.266620	35.932823	0.089299
8081.034129	3.266862	100.976562	20.117187
8081.036129	3.267351	100.976562	20.117187
8081.038132	3.267309	100.976562	20.117187
8081.040129	3.266860	100.976562	20.117187
8081.042131	3.266650	35.933155	0.088442
8082.074169	3.267376	-24.414062	-389.160156
8082.076171	3.267620	-24.414062	-389.160156
8082.078171	3.267281	-24.414062	-389.160156
8082.080175	3.266949	35.936440	0.086502
8083.114244	3.263568	100.488281	19.921875
8083.116248	3.266968	100.488281	19.921875
8083.118246	3.267595	100.488281	19.921875
8083.120247	3.267633	100.488281	19.921875
8083.122246	3.267142	100.488281	19.921875
8083.124247	3.266910	35.936008	0.091869
8084.156319	3.266911	-25.976562	-389.746094
8084.158322	3.267402	-25.976562	-389.746094
8084.160320	3.267497	-25.976562	-389.746094
8084.162321	3.266890	-25.976562	-389.746094
8084.164320	3.266904	35.935944	0.431196
8085.198394	3.264510	102.441406	20.214844
8085.202393	3.267503	102.441406	20.214844
8085.204395	3.267490	102.441406	20.214844
8085.206400	3.266955	102.441406	20.214844
8085.208398	3.266811	35.934917	0.089904
8086.240446	3.267321	-22.656250	-388.183594
8086.242448	3.267428	-22.656250	-388.183594
8086.244449	3.266837	-22.656250	-388.183594
8086.246448	3.266712	35.933838	0.288940
8087.282522	3.266320	100.781250	19.921875
8087.284523	3.267756	100.781250	19.921875
8087.286522	3.267877	100.781250	19.921875
8087.288522	3.267606	100.781250	19.921875
8087.290523	3.267155	100.781250	19.921875
8087.292523	3.267168	35.938843	0.088456
8088.320572	3.265695	-25.976562	-389.648437
8088.322575	3.267316	-25.976562	-389.648437
8088.326573	3.267458	-25.976562	-389.648437
8088.328574	3.267006	-25.976562	-389.648437
8088.330573	3.266853	35.935379	0.086619
8089.364622	3.265823	104.101562	20.117187
8089.366624	3.267295	104.101562	20.117187
8089.368625	3.267683	104.101562	20.117187
8089.370624	3.267413	104.101562	20.117187
8089.372625	3.266883	104.101562	20.117187
8089.374626	3.266857	35.935425	0.089006
8090.405179	3.267009	-19.921875	-387.109375
8090.407181	3.267380	-19.921875	-387.109375
8090.409182	3.267308	-19.921875	-387.109375
8090.411181	3.266836	-19.921875	-387.109375
8090.413181	3.266672	35.933395	0.086032
8091.447192	3.265872	105.761719	20.214844
8091.449194	3.267076	105.761719	20.214844
8091.451194	3.267298	105.761719	20.214844
8091.453193	3.267074	105.761719	20.214844
8091.455194	3.266980	105.761719	20.214844
8091.459192	3.266428	35.930710	0.090279
8092.486162	3.266130	-28.710937	-390.527344
8092.488165	3.267287	-28.710937	-390.527344
8092.490165	3.267429	-28.710937	-390.527344
8092.492164	3.267045	-28.710937	-390.527344
8092.494166	3.266775	35.934525	0.085941
8093.530192	3.262685	99.511719	19.921875
8093.532193	3.266612	99.511719	19.921875
8093.534195	3.267289	99.511719	19.921875
8093.536192	3.267401	99.511719	19.921875
8093.538195	3.266936	99.511719	19.921875
8093.542193	3.266590	35.932487	0.089859
8094.570260	3.267023	-23.242187	-388.183594
8094.572258	3.267397	-23.242187	-388.183594
8094.574259	3.267242	-23.242187	-388.183594
8094.576260	3.266831	-23.242187	-388.183594
8094.578259	3.266650	35.933155	0.087484
8095.614828	3.266701	99.316406	19.531250
8095.616832	3.267495	99.316406	19.531250
8095.618831	3.267690	99.316406	19.531250
8095.620832	3.267196	99.316406	19.531250
8095.622831	3.267046	35.937508	0.088482
8096.648896	3.266044	-24.609375	-388.769531
8096.650900	3.267465	-24.609375	-388.769531
8096.652897	3.267774	-24.609375	-388.769531
8096.654898	3.267509	-24.609375	-388.769531
8096.656897	3.267091	-24.609375	-388.769531
8096.658897	3.267044	35.937489	0.087744
8097.697435	3.264829	99.316406	19.628906
8097.699438	3.267193	99.316406	19.628906
8097.701437	3.267629	99.316406	19.628906
8097.703436	3.267545	99.316406	19.628906
8097.705437	3.267002	99.316406	19.628906
8097.707437	3.266925	35.936176	0.087961
8098.735475	3.267862	-26.367187	-389.746094
8098.737476	3.268017	-26.367187	-389.746094
8098.739475	3.267470	-26.367187	-389.746094
8098.741476	3.267164	35.938805	0.085063
8099.780042	3.264434	102.832031	19.628906
8099.782045	3.267197	102.832031	19.628906
8099.784044	3.267781	102.832031	19.628906
8099.786043	3.267793	102.832031	19.628906
8099.788044	3.267127	102.832031	19.628906
8099.790045	3.267034	35.937370	0.088610
8100.816535	3.266745	-32.714844	-391.894531
8100.818536	3.267432	-32.714844	-391.894531
8100.820537	3.267471	-32.714844	-391.894531
8100.822537	3.266911	-32.714844	-391.894531
8100.824536	3.266774	35.934517	0.219032
8101.862608	3.266117	102.050781	20.019531
8101.864609	3.267538	102.050781	20.019531
8101.866611	3.267796	102.050781	20.019531
8101.868612	3.267559	102.050781	20.019531
8101.870612	3.267125	102.050781	20.019531
8101.872611	3.267094	35.938034	0.090293
8102.898641	3.266052	-32.324219	-391.503906
8102.900645	3.267210	-32.324219	-391.503906
8102.902668	3.267506	-32.324219	-391.503906
8102.904669	3.267104	-32.324219	-391.503906
8102.906667	3.266755	35.934307	0.086020
8103.948716	3.266626	99.511719	19.628906
8103.950718	3.267521	99.511719	19.628906
8103.954717	3.267158	99.511719	19.628906
8103.958717	3.266777	99.511719	19.628906
8103.960720	3.266765	35.934410	0.087565
8104.980770	3.265958	-29.394531	-390.429687
8104.982773	3.267375	-29.394531	-390.429687
8104.984772	3.267599	-29.394531	-390.429687
8104.986772	3.267292	-29.394531	-390.429687
8104.988771	3.266849	-29.394531	-390.429687
8104.990772	3.266785	35.934635	0.084105
8106.031337	3.266593	102.441406	19.726562
8106.033340	3.267495	102.441406	19.726562
8106.035338	3.267696	102.441406	19.726562
8106.037339	3.267308	102.441406	19.726562
8106.039340	3.266927	35.936195	0.088063
8107.063885	3.266907	-31.347656	-390.917969
8107.065888	3.267676	-31.347656	-390.917969
8107.067886	3.267792	-31.347656	-390.917969
8107.069887	3.267256	-31.347656	-390.917969
8107.071887	3.266993	35.936920	0.174624
8108.114455	2.924913	103.027344	19.824219
8108.116458	3.267250	103.027344	19.824219
8108.118458	3.267433	103.027344	19.824219
8108.120458	3.267118	103.027344	19.824219
8108.122457	3.266701	35.933712	0.087169
8109.146452	3.266773	-37.402344	-393.261719
8109.148454	3.267578	-37.402344	-393.261719
8109.150453	3.267769	-37.402344	-393.261719
8109.152454	3.267261	-37.402344	-393.261719
8109.156453	3.266948	35.936424	0.084283
8110.196496	3.266426	101.269531	19.921875
8110.198498	3.267310	101.269531	19.921875
8110.200502	3.267520	101.269531	19.921875
8110.202505	3.267010	101.269531	19.921875
8110.204504	3.266786	35.934643	0.088545
8111.228542	3.265595	-30.859375	-390.527344
8111.230543	3.267154	-30.859375	-390.527344
8111.232543	3.267363	-30.859375	-390.527344
8111.234543	3.267267	-30.859375	-390.527344
8111.238543	3.266656	-30.859375	-390.527344
8111.240542	3.266695	35.933640	0.083043
8112.283514	3.267405	102.148437	20.117187
8112.287514	3.267636	102.148437	20.117187
8112.289516	3.266841	102.148437	20.117187
8112.291516	3.266749	35.934235	0.084241
8113.308546	3.264373	-30.078125	-389.746094
8113.310546	3.267309	-30.078125	-389.746094
8113.312546	3.267881	-30.078125	-389.746094
8113.314546	3.267884	-30.078125	-389.746094
8113.318545	3.267166	-30.078125	-389.746094
8113.320546	3.267174	35.938915	0.085779
8114.363102	3.266426	99.804687	19.921875
8114.365106	3.267389	99.804687	19.921875
8114.367104	3.267586	99.804687	19.921875
8114.369103	3.267226	99.804687	19.921875
8114.371104	3.266864	35.935501	0.087484
8115.393164	3.266358	-31.347656	-389.941406
8115.395168	3.267338	-31.347656	-389.941406
8115.397165	3.267499	-31.347656	-389.941406
8115.399168	3.267168	-31.347656	-389.941406
8115.401168	3.266757	35.934326	0.083682
8116.447753	3.267072	100.878906	19.921875
8116.451753	3.267284	100.878906	19.921875
8116.453757	3.266712	100.878906	19.921875
8116.455756	3.266675	35.933418	0.088229
8117.475784	3.264304	-30.566406	-389.746094
8117.477785	3.267129	-30.566406	-389.746094
8117.479786	3.267603	-30.566406	-389.746094
8117.481786	3.267680	-30.566406	-389.746094
8117.483787	3.267155	-30.566406	-389.746094
8117.485785	3.267030	35.937328	0.086103
8118.527790	3.264864	99.023437	20.019531
8118.529790	3.267007	99.023437	20.019531
8118.531790	3.267400	99.023437	20.019531
8118.533791	3.267317	99.023437	20.019531
8118.535792	3.266760	99.023437	20.019531
8118.537791	3.266727	35.933998	0.088807
8119.559852	3.266770	-33.593750	-389.941406
8119.561851	3.267352	-33.593750	-389.941406
8119.563852	3.267398	-33.593750	-389.941406
8119.567850	3.266691	-33.593750	-389.941406
8119.569852	3.266679	35.933472	0.086645
8120.612404	3.266697	102.539062	20.507812
8120.614405	3.267433	102.539062	20.507812
8120.616408	3.267504	102.539062	20.507812
8120.618406	3.267028	102.539062	20.507812
8120.620408	3.266744	35.934181	0.087883
8121.644407	3.267760	-36.523437	-390.625000
8121.648406	3.267292	-36.523437	-390.625000
8121.650408	3.267118	-36.523437	-390.625000
8121.652408	3.267041	35.937450	0.085027
8122.694500	3.266766	102.929687	20.898437
8122.696504	3.267553	102.929687	20.898437
8122.698504	3.267788	102.929687	20.898437
8122.700504	3.267159	102.929687	20.898437
8122.702502	3.266965	35.936619	0.086236
8123.724494	3.263662	-39.550781	-391.015625
8123.726495	3.267064	-39.550781	-391.015625
8123.728496	3.267902	-39.550781	-391.015625
8123.730496	3.267818	-39.550781	-391.015625
8123.732496	3.267309	-39.550781	-391.015625
8123.734496	3.267184	35.939030	0.086186
8124.776583	3.266038	97.167969	20.800781
8124.778583	3.267497	97.167969	20.800781
8124.780586	3.267889	97.167969	20.800781
8124.782584	3.267659	97.167969	20.800781
8124.784586	3.267253	97.167969	20.800781
8124.786585	3.267079	35.937866	0.088046
8125.806635	3.264299	-36.132812	-390.039062
8125.808637	3.266902	-36.132812	-390.039062
8125.810637	3.267431	-36.132812	-390.039062
8125.812638	3.267374	-36.132812	-390.039062
8125.814638	3.266900	-36.132812	-390.039062
8125.816637	3.266809	35.934898	0.085510
8126.858708	3.264183	97.070312	20.507812
8126.860709	3.266952	97.070312	20.507812
8126.862710	3.267477	97.070312	20.507812
8126.864710	3.267521	97.070312	20.507812
8126.866710	3.266933	97.070312	20.507812
8126.868709	3.266737	35.934109	0.088533
8127.888770	3.265279	-35.449219	-389.160156
8127.890770	3.267104	-35.449219	-389.160156
8127.892770	3.267530	-35.449219	-389.160156
8127.894770	3.267401	-35.449219	-389.160156
8127.896770	3.266910	-35.449219	-389.160156
8127.898770	3.266809	35.934898	0.086034
8128.944816	3.267245	95.312500	20.410156
8128.946818	3.267641	95.312500	20.410156
8128.948821	3.267554	95.312500	20.410156
8128.950819	3.267016	95.312500	20.410156
8128.952820	3.266877	35.935642	0.085477
8129.976852	3.267151	-40.917969	-390.527344
8129.978852	3.267450	-40.917969	-390.527344
8129.980853	3.267295	-40.917969	-390.527344
8129.982852	3.266843	-40.917969	-390.527344
8129.984852	3.266744	35.934181	0.083063
8131.026891	3.266894	100.097656	21.191406
8131.028891	3.267401	100.097656	21.191406
8131.030891	3.267372	100.097656	21.191406
8131.032892	3.266831	100.097656	21.191406
8131.034893	3.266678	35.933453	0.460036
8132.056895	3.266147	-36.621094	-388.671875
8132.058895	3.267421	-36.621094	-388.671875
8132.060895	3.267671	-36.621094	-388.671875
8132.062895	3.267505	-36.621094	-388.671875
8132.064896	3.267006	-36.621094	-388.671875
8132.066895	3.266890	35.935783	0.086054
8133.110958	3.267375	99.609375	21.386719
8133.112962	3.267495	99.609375	21.386719
8133.116960	3.266778	99.609375	21.386719
8133.118960	3.266736	35.934093	0.083566
8134.141530	3.267024	-39.941406	-388.769531
8134.143532	3.267677	-39.941406	-388.769531
8134.145532	3.267771	-39.941406	-388.769531
8134.147534	3.267168	-39.941406	-388.769531
8134.149533	3.266945	35.936398	0.085840
8135.191582	3.266152	99.414062	21.777344
8135.193586	3.267236	99.414062	21.777344
8135.195588	3.267491	99.414062	21.777344
8135.197587	3.267056	99.414062	21.777344
8135.199588	3.266798	35.934776	0.083756
8136.224187	3.266598	-31.250000	-384.765625
8136.226187	3.267327	-31.250000	-384.765625
8136.230185	3.266986	-31.250000	-384.765625
8136.232188	3.266745	-31.250000	-384.765625
8136.234187	3.266726	35.933987	0.084996
8137.273222	3.266688	97.753906	22.363281
8137.275220	3.267466	97.753906	22.363281
8137.277221	3.267666	97.753906	22.363281
8137.279220	3.267146	97.753906	22.363281
8137.281222	3.266923	35.936157	0.086893
8138.307268	3.267252	-37.988281	-386.425781
8138.309269	3.267498	-37.988281	-386.425781
8138.311269	3.267193	-37.988281	-386.425781
8138.313269	3.266852	-37.988281	-386.425781
8138.315269	3.266732	35.934048	0.085077
8139.355360	3.266114	97.753906	22.753906
8139.357362	3.267545	97.753906	22.753906
8139.359362	3.267794	97.753906	22.753906
8139.361363	3.267655	97.753906	22.753906
8139.363362	3.267101	97.753906	22.753906
8139.365362	3.266990	35.936893	0.087128
