num crossings	time (s)	maj axis (mm)	min axis (mm)	theta (rad )	slope (V/s)
5421	6505.044956	40.414693	12.869769	2.889699	3.330082
5423	6507.135849	40.067778	12.795640	2.886462	3.031448
5425	6509.214938	40.338818	12.854000	2.881595	3.317720
5427	6511.292960	40.615017	13.465923	2.907633	2.867082
5429	6513.375711	40.354570	12.625624	2.897481	3.302278
5431	6515.466014	40.252336	12.575665	2.894405	2.703730
5433	6517.543629	41.413686	12.591954	2.897138	3.248742
5435	6519.624058	40.518227	12.547396	2.904396	2.919070
5437	6521.710231	40.294466	12.177709	2.900109	3.001932
5439	6523.797128	40.587481	12.010898	2.895055	3.169667
5441	6525.880252	40.590837	12.154594	2.896000	2.971911
5443	6527.957713	40.763347	12.306658	2.905753	3.249666
5445	6530.039528	40.796852	12.158267	2.912738	2.998446
5447	6532.120271	40.732537	11.926283	2.909449	3.252080
5449	6534.207400	40.813190	12.090623	2.914167	2.755921
5451	6536.288397	40.843394	11.796708	2.912051	3.121124
5453	6538.370370	41.109354	11.885114	2.913964	3.235915
5455	6540.453365	40.914843	11.804601	2.915699	3.108793
5457	6542.535220	40.846784	11.760813	2.919112	3.061808
5459	6544.618168	40.742599	12.145282	2.931559	3.325530
5461	6546.706894	41.099935	11.610360	2.929100	3.018139
5463	6548.791085	41.422642	11.501810	2.931342	3.337714
5465	6550.872335	41.533510	11.432716	2.931297	3.533560
5467	6552.950096	41.385511	11.349820	2.922485	3.157814
5469	6555.033308	41.158213	11.374028	2.927843	3.388372
5471	6557.119160	41.392744	11.239650	2.937682	3.366501
5473	6559.203120	41.951726	11.597113	2.952889	3.298029
5475	6561.285278	41.530369	10.996470	2.932212	3.481519
5477	6563.365910	41.615326	11.005455	2.929141	3.283968
5479	6565.447631	41.448722	10.939775	2.934519	3.699832
5481	6567.533365	41.517453	10.473293	2.934620	3.348552
5483	6569.619683	41.636088	10.911405	2.941795	3.419590
5485	6571.703601	43.154564	15.673987	2.883290	3.681745
5487	6573.785561	41.811698	10.746838	2.947794	3.469105
5489	6575.866988	41.416518	11.005997	2.954833	3.522761
5491	6577.949079	44.256400	14.973129	2.902287	3.556513
5493	6580.034336	42.239071	10.933476	2.961131	3.588243
5495	6582.117036	42.038483	10.438358	2.949529	3.368790
5497	6584.198446	42.275935	10.109316	2.941843	3.636155
5499	6586.278950	42.452647	10.158182	2.946641	3.733865
5501	6588.361818	41.106539	7.487843	3.007336	3.745208
5503	6590.442263	42.832061	10.699902	2.958796	3.747978
5505	6592.522936	42.332701	10.083901	2.963982	3.692433
5507	6594.610940	42.024872	9.865285	2.960176	3.490051
5509	6596.696591	42.254490	9.959171	2.959038	3.481674
5511	6598.778672	42.147885	9.961242	2.961032	3.570940
5513	6600.856665	43.480875	10.317556	2.974756	3.769801
5515	6602.937423	42.347616	9.628329	2.964727	3.525592
5517	6605.021466	43.334708	10.286400	2.979941	3.657195
5519	6607.108098	42.391192	9.500250	2.969719	3.605919
5521	6609.191295	42.475586	9.311536	2.968482	3.558704
5523	6611.274175	42.607697	9.561764	2.973386	3.741809
5525	6613.359744	42.265711	13.656469	2.958329	3.765274
5527	6615.440071	42.633326	9.469781	2.976374	3.839734
5529	6617.524392	42.400146	14.522233	2.949868	3.768531
5531	6619.607185	42.788252	9.345088	2.978878	3.751700
5533	6621.689345	42.827489	9.219419	2.983776	3.907289
5535	6623.771467	42.948373	9.153530	2.984151	3.720161
5537	6625.855399	41.805089	11.217870	2.993536	3.722141
5539	6627.934402	43.152765	9.024806	2.984115	4.105976
5541	6630.016065	43.085470	9.034399	2.979925	3.770379
5543	6632.096254	42.802546	8.929228	2.983121	3.871496
5545	6634.181617	42.913861	8.930285	2.990631	3.776339
5547	6636.265774	43.231810	9.452695	3.004952	3.847782
5549	6638.350386	43.140447	8.710583	2.995268	3.880519
5551	6640.434076	43.317535	8.644969	2.996174	3.953922
5553	6642.512747	42.621923	10.959843	2.997765	4.026759
5555	6644.594810	43.471719	8.240413	2.989936	3.996962
5557	6646.674395	43.018315	8.260097	2.988366	3.955575
5559	6648.757925	40.641905	8.897862	2.998297	4.067059
5561	6650.841821	42.965634	8.302460	2.995237	4.066038
5563	6652.924777	43.013745	7.986663	2.993708	4.336560
5565	6655.007349	44.919422	8.933663	2.928645	4.038155
5567	6657.090618	43.318676	7.905254	2.996221	3.899584
5569	6659.173533	43.511332	8.598199	3.010050	4.129583
5571	6661.255037	43.551726	7.991860	3.001831	4.048954
5573	6663.336833	43.590607	8.110355	3.004534	3.875012
5575	6665.418829	43.671047	7.989178	3.006835	4.021989
5577	6667.502617	43.610865	7.910181	3.010752	4.087003
5579	6669.586259	43.767377	7.839358	3.010887	3.994121
5581	6671.672233	43.635444	7.777791	3.011280	4.199037
5583	6673.754571	43.764831	7.711301	3.010861	4.020598
5585	6675.837083	43.694661	7.661618	3.009942	4.072663
5587	6677.918452	43.861698	7.613998	3.013170	4.260585
5589	6679.999931	43.955283	7.561348	3.015936	4.051766
5591	6682.079433	43.965588	7.507440	3.017687	4.075379
5593	6684.161832	44.104660	7.437720	3.019332	4.085739
5595	6686.246102	44.128109	7.369172	3.018097	4.022192
5597	6688.330658	44.954244	8.544342	3.014270	4.202982
5599	6690.413730	45.079387	7.746240	3.032246	4.220115
5601	6692.497594	43.357756	8.778003	3.030494	4.047414
5603	6694.580087	45.420063	7.565665	3.034312	4.180449
5605	6696.662517	44.288049	7.041608	3.024817	4.198782
5607	6698.744649	44.346574	7.000747	3.023846	4.287678
5609	6700.827167	44.252986	7.180641	3.042892	4.286127
5611	6702.907528	44.175639	6.892060	3.023630	4.382329
5613	6704.990497	44.880644	6.872989	3.023417	4.361055
5615	6707.072622	44.454686	6.765588	3.027598	4.435689
5617	6709.158838	44.380710	6.807262	3.029115	4.386617
5619	6711.243176	44.234019	6.516178	3.029511	4.488400
5621	6713.325631	44.622223	7.132625	3.039693	4.366517
5623	6715.409442	44.514172	6.546757	3.034789	4.476797
5625	6717.492173	44.551559	6.504797	3.035060	4.325945
5627	6719.572484	44.751281	6.433827	3.033704	4.142532
5629	6721.653664	45.343178	6.366093	3.030807	4.310182
5631	6723.734660	43.848405	8.101641	3.042693	4.422930
5633	6725.815956	44.650032	6.066779	3.030197	4.191642
5635	6727.898666	44.753230	6.282488	3.035282	4.416004
5637	6729.979610	44.688503	6.198201	3.036769	4.388653
5639	6732.064536	44.820998	6.136824	3.037654	4.407238
5641	6734.146652	44.874741	6.076930	3.038617	4.331677
5643	6736.229224	44.561294	5.954376	3.037789	4.339875
5645	6738.311790	46.842652	6.170120	2.982972	4.352775
5647	6740.394216	46.265555	6.109276	2.983826	4.319759
5649	6742.478209	44.969398	5.897645	3.042938	4.327047
5651	6744.563093	45.104891	5.776812	3.046626	4.367415
5653	6746.646896	45.459513	5.680672	3.046574	4.427533
5655	6748.731350	45.005607	5.654082	3.046966	4.486495
5657	6750.813171	44.775698	6.089521	3.061322	4.633099
5659	6752.896286	45.065974	5.580231	3.046158	4.545561
5661	6754.977821	45.075979	5.578531	3.047370	4.753644
5663	6757.059672	45.312164	5.841199	3.056891	4.705755
5665	6759.141352	45.696721	5.667649	3.053169	4.628802
5667	6761.221915	51.013776	6.737906	3.031802	4.639656
5669	6763.303490	45.117710	5.397030	3.051546	4.329245
5671	6765.386183	45.169663	5.190064	3.050803	4.450694
5673	6767.468787	44.808755	4.975699	3.048835	4.514323
5675	6769.550723	45.212550	4.914153	3.049990	4.603648
5677	6771.633849	45.326405	5.151773	3.054423	4.822287
5679	6773.717732	45.458157	5.000740	3.054467	4.656040
5681	6775.800371	46.333125	5.223277	3.003512	4.731935
5683	6777.881813	45.698271	4.702056	3.053069	4.598393
5685	6779.963554	45.317699	4.900912	3.054919	4.700118
5687	6782.047371	45.426720	4.871907	3.056438	4.556811
5689	6784.129057	45.435197	4.791985	3.058681	4.695287
5691	6786.214354	45.406409	4.719288	3.061239	4.606045
5693	6788.297289	46.017449	4.951828	3.065236	4.609976
5695	6790.380970	45.645347	4.581152	3.062463	4.788659
5697	6792.466774	45.694814	4.538468	3.062489	4.782222
5699	6794.549870	45.724976	4.498621	3.062805	4.704156
5701	6796.629898	45.869466	4.437945	3.064463	4.715519
5703	6798.712421	45.496663	7.473513	3.047888	4.771377
5705	6800.794465	46.048821	4.344626	3.064746	4.661786
5707	6802.877328	46.527884	4.242138	3.062284	4.647105
5709	6804.957571	47.767272	4.550632	3.072034	4.716457
5711	6807.040747	46.110877	4.177321	3.064814	4.849272
