time (s)	coil I (A)	last det (V)	int current (uC)
8209.798810	3.265561	123.535156	7.519531
8209.800812	3.265666	123.535156	7.519531
8209.802812	3.267404	123.535156	7.519531
8209.804814	3.267163	123.535156	7.519531
8209.806814	3.266737	123.535156	7.519531
8209.808814	3.266628	35.932907	0.094524
8210.824868	3.266483	-7.812500	-393.847656
8210.828866	3.267710	-7.812500	-393.847656
8210.832867	3.266919	-7.812500	-393.847656
8210.836868	3.266804	35.934845	0.090784
8211.878911	3.266210	124.121094	12.207031
8211.880913	3.267313	124.121094	12.207031
8211.882916	3.267505	124.121094	12.207031
8211.884914	3.267295	124.121094	12.207031
8211.886915	3.266796	35.934757	0.085329
8212.913482	3.265888	-5.273437	-396.679687
8212.915484	3.267110	-5.273437	-396.679687
8212.917483	3.267371	-5.273437	-396.679687
8212.919483	3.267083	-5.273437	-396.679687
8212.921484	3.266723	-5.273437	-396.679687
8212.923484	3.266647	35.933117	0.086520
8213.957507	3.266574	122.460937	13.476562
8213.961506	3.267617	122.460937	13.476562
8213.963507	3.267138	122.460937	13.476562
8213.965508	3.266838	35.935219	0.096500
8214.997552	3.266177	-6.542969	-401.562500
8214.999552	3.267196	-6.542969	-401.562500
8215.001553	3.267413	-6.542969	-401.562500
8215.005550	3.266672	-6.542969	-401.562500
8215.007551	3.266675	35.933418	0.090590
8216.045621	3.267130	122.558594	11.523437
8216.047622	3.267403	122.558594	11.523437
8216.051620	3.266666	122.558594	11.523437
8216.053624	3.266628	35.932907	0.087140
8217.080208	3.267076	-13.476562	-408.593750
8217.082208	3.267376	-13.476562	-408.593750
8217.084208	3.267205	-13.476562	-408.593750
8217.086207	3.266812	-13.476562	-408.593750
8217.088209	3.266716	35.933872	0.087758
8218.130288	3.267030	124.023437	10.644531
8218.132288	3.267500	124.023437	10.644531
8218.134288	3.267638	124.023437	10.644531
8218.136289	3.266992	124.023437	10.644531
8218.138290	3.266977	35.936741	0.378168
8219.159232	3.267120	-10.742187	-402.441406
8219.161234	3.267309	-10.742187	-402.441406
8219.163232	3.266863	-10.742187	-402.441406
8219.165233	3.266521	35.931725	0.091939
8220.217835	3.267375	124.902344	9.277344
8220.219836	3.267471	124.902344	9.277344
8220.221838	3.267147	124.902344	9.277344
8220.223838	3.266788	35.934669	0.084324
8221.238847	3.265747	-11.230469	-405.371094
8221.240847	3.267385	-11.230469	-405.371094
8221.242849	3.267672	-11.230469	-405.371094
8221.244847	3.267445	-11.230469	-405.371094
8221.246848	3.267061	-11.230469	-405.371094
8221.248849	3.266945	35.936398	0.090480
8222.298900	3.263442	123.730469	6.445312
8222.300902	3.266676	123.730469	6.445312
8222.302902	3.267272	123.730469	6.445312
8222.304901	3.267408	123.730469	6.445312
8222.306903	3.266814	123.730469	6.445312
8222.308902	3.266690	35.933586	0.092961
8223.320934	3.264046	-11.328125	-406.640625
8223.322932	3.267127	-11.328125	-406.640625
8223.324933	3.267702	-11.328125	-406.640625
8223.328932	3.267210	-11.328125	-406.640625
8223.330933	3.266968	-11.328125	-406.640625
8223.332933	3.266938	35.936317	0.091823
8224.380977	3.265286	126.464844	7.226562
8224.382978	3.267006	126.464844	7.226562
8224.384977	3.267218	126.464844	7.226562
8224.386978	3.267040	126.464844	7.226562
8224.388978	3.266634	126.464844	7.226562
8224.390978	3.266534	35.931877	0.092994
8225.405534	3.265584	-10.449219	-405.761719
8225.407538	3.267180	-10.449219	-405.761719
8225.409538	3.267511	-10.449219	-405.761719
8225.411535	3.267321	-10.449219	-405.761719
8225.413537	3.266820	-10.449219	-405.761719
8225.415536	3.266710	35.933811	0.092546
8226.467590	3.267077	127.148437	7.031250
8226.469590	3.267283	127.148437	7.031250
8226.471591	3.267075	127.148437	7.031250
8226.473591	3.266618	127.148437	7.031250
8226.475590	3.266537	35.931911	0.087430
8227.488534	3.266013	-10.351562	-406.738281
8227.490538	3.267398	-10.351562	-406.738281
8227.492537	3.267626	-10.351562	-406.738281
8227.496535	3.266964	-10.351562	-406.738281
8227.498537	3.266821	-10.351562	-406.738281
8227.500537	3.266815	35.934963	0.088712
8228.552605	3.266927	126.953125	6.445312
8228.554606	3.267329	126.953125	6.445312
8228.556607	3.267173	126.953125	6.445312
8228.558607	3.266674	126.953125	6.445312
8228.560608	3.266583	35.932419	0.089221
8229.575158	2.849092	-10.839844	-408.984375
8229.577160	3.267284	-10.839844	-408.984375
8229.579159	3.267451	-10.839844	-408.984375
8229.581159	3.266979	-10.839844	-408.984375
8229.583160	3.266749	35.934242	0.110271
8230.629221	3.265028	127.636719	7.714844
8230.631222	3.266927	127.636719	7.714844
8230.633225	3.267265	127.636719	7.714844
8230.635224	3.267188	127.636719	7.714844
8230.637223	3.266672	127.636719	7.714844
8230.639225	3.266658	35.933235	0.090907
8231.657276	3.267241	-9.082031	-405.175781
8231.659279	3.267590	-9.082031	-405.175781
8231.661278	3.267533	-9.082031	-405.175781
8231.663280	3.267499	-9.082031	-405.175781
8231.665286	3.266810	35.934910	0.088807
8232.712303	3.264640	125.390625	7.128906
8232.714305	3.266977	125.390625	7.128906
8232.716305	3.267515	125.390625	7.128906
8232.718306	3.267428	125.390625	7.128906
8232.720307	3.266964	125.390625	7.128906
8232.722307	3.266824	35.935066	0.092900
8233.738310	3.264307	-11.816406	-409.765625
8233.740309	3.266807	-11.816406	-409.765625
8233.742310	3.267342	-11.816406	-409.765625
8233.744312	3.267280	-11.816406	-409.765625
8233.746310	3.266783	-11.816406	-409.765625
8233.748310	3.266667	35.933338	0.093705
8234.796387	3.265433	125.390625	8.496094
8234.798389	3.267407	125.390625	8.496094
8234.800389	3.267802	125.390625	8.496094
8234.802388	3.267705	125.390625	8.496094
8234.804389	3.267085	125.390625	8.496094
8234.806387	3.267043	35.937469	0.086504
8235.828954	3.267311	-13.476562	-413.574219
8235.830956	3.267556	-13.476562	-413.574219
8235.832955	3.267286	-13.476562	-413.574219
8235.834957	3.266824	-13.476562	-413.574219
8235.836958	3.266797	35.934769	0.090791
8236.877032	3.264684	124.414062	8.593750
8236.879033	3.266891	124.414062	8.593750
8236.881033	3.267288	124.414062	8.593750
8236.883033	3.267229	124.414062	8.593750
8236.885032	3.266660	124.414062	8.593750
8236.887034	3.266592	35.932507	0.089947
8237.913034	3.265308	-3.027344	-401.171875
8237.915035	3.267085	-3.027344	-401.171875
8237.917036	3.267360	-3.027344	-401.171875
8237.919037	3.267371	-3.027344	-401.171875
8237.921035	3.266798	-3.027344	-401.171875
8237.923036	3.266698	35.933678	0.086132
8238.955992	3.264146	125.097656	10.351562
8238.957993	3.267003	125.097656	10.351562
8238.959994	3.267489	125.097656	10.351562
8238.961993	3.267479	125.097656	10.351562
8238.963993	3.267047	125.097656	10.351562
8238.965992	3.266768	35.934448	0.089882
8239.994058	3.264686	-3.222656	-401.855469
8239.996060	3.266896	-3.222656	-401.855469
8239.998061	3.267306	-3.222656	-401.855469
8240.000059	3.267263	-3.222656	-401.855469
8240.002060	3.266823	-3.222656	-401.855469
8240.004061	3.266637	35.933010	0.090360
8241.046097	3.267380	125.000000	8.593750
8241.048101	3.266937	125.000000	8.593750
8241.050100	3.266665	35.933311	0.092800
8242.076134	3.264102	-5.859375	-400.390625
8242.078135	3.266894	-5.859375	-400.390625
8242.080136	3.267414	-5.859375	-400.390625
8242.082137	3.267375	-5.859375	-400.390625
8242.084137	3.266944	-5.859375	-400.390625
8242.086137	3.266732	35.934055	0.089667
8243.130158	3.266329	129.101562	5.957031
8243.132161	3.267091	129.101562	5.957031
8243.134160	3.267410	129.101562	5.957031
8243.136160	3.266909	129.101562	5.957031
8243.138159	3.266547	35.932018	0.086887
8244.159138	3.267310	-7.617187	-406.542969
8244.161140	3.267375	-7.617187	-406.542969
8244.163140	3.266992	-7.617187	-406.542969
8244.165140	3.266654	35.933197	0.085469
8245.215693	3.266492	129.785156	5.175781
8245.217692	3.267252	129.785156	5.175781
8245.219696	3.267297	129.785156	5.175781
8245.221695	3.266889	129.785156	5.175781
8245.223695	3.266643	35.933075	0.089180
8246.239717	3.265338	-9.960937	-410.351562
8246.241718	3.267105	-9.960937	-410.351562
8246.243719	3.267388	-9.960937	-410.351562
8246.245718	3.267276	-9.960937	-410.351562
8246.247718	3.266751	-9.960937	-410.351562
8246.249720	3.266671	35.933384	0.090471
8247.294703	3.264871	127.050781	6.640625
8247.296703	3.267106	127.050781	6.640625
8247.298711	3.267562	127.050781	6.640625
8247.302722	3.266921	127.050781	6.640625
8247.304724	3.266715	127.050781	6.640625
8247.306725	3.266683	35.933517	0.088760
8248.327304	3.266214	-7.324219	-406.152344
8248.331305	3.267308	-7.324219	-406.152344
8248.333307	3.266998	-7.324219	-406.152344
8248.335305	3.266681	35.933491	0.090738
8249.374281	2.575051	125.976562	7.714844
8249.376284	3.267058	125.976562	7.714844
8249.378284	3.267310	125.976562	7.714844
8249.380282	3.267115	125.976562	7.714844
8249.382282	3.266639	125.976562	7.714844
8249.384283	3.266702	35.933720	0.089897
8250.412350	3.265036	-0.781250	-402.246094
8250.414352	3.267129	-0.781250	-402.246094
8250.416352	3.267470	-0.781250	-402.246094
8250.418352	3.267350	-0.781250	-402.246094
8250.420350	3.266832	-0.781250	-402.246094
8250.422351	3.266690	35.933594	0.087215
8251.458928	3.266752	127.343750	9.082031
8251.460931	3.267570	127.343750	9.082031
8251.462931	3.267690	127.343750	9.082031
8251.464931	3.267224	127.343750	9.082031
8251.466930	3.266964	35.936600	0.088055
8252.499006	3.267641	-1.562500	-400.488281
8252.501008	3.267794	-1.562500	-400.488281
8252.503010	3.267455	-1.562500	-400.488281
8252.505008	3.267027	35.937294	0.082136
8253.543554	3.265513	130.664062	7.714844
8253.545555	3.267045	130.664062	7.714844
8253.547555	3.267337	130.664062	7.714844
8253.549555	3.267076	130.664062	7.714844
8253.551554	3.266660	130.664062	7.714844
8253.553556	3.266649	35.933136	0.092074
8254.576124	3.266985	-4.687500	-402.539062
8254.578127	3.267661	-4.687500	-402.539062
8254.580128	3.267840	-4.687500	-402.539062
8254.582129	3.267353	-4.687500	-402.539062
8254.586125	3.266972	35.936691	0.089665
8255.632724	3.267234	131.640625	4.394531
8255.634725	3.267472	131.640625	4.394531
8255.636725	3.267131	131.640625	4.394531
8255.638727	3.266724	131.640625	4.394531
8255.640725	3.266712	35.933838	0.087659
8256.655663	3.264929	-7.812500	-410.839844
8256.657667	3.266941	-7.812500	-410.839844
8256.659666	3.267354	-7.812500	-410.839844
8256.661664	3.267295	-7.812500	-410.839844
8256.665664	3.266581	-7.812500	-410.839844
8256.667666	3.266579	35.932373	0.087282
8257.713727	3.265476	131.054687	3.320312
8257.715729	3.267076	131.054687	3.320312
8257.717729	3.267375	131.054687	3.320312
8257.723728	3.266633	131.054687	3.320312
8257.725727	3.266640	131.054687	3.320312
8257.727729	3.266620	35.932816	0.091871
8258.738264	3.265703	-9.179687	-415.820312
8258.740265	3.267387	-9.179687	-415.820312
8258.742265	3.267618	-9.179687	-415.820312
8258.744267	3.267478	-9.179687	-415.820312
8258.746268	3.267010	-9.179687	-415.820312
8258.748267	3.266884	35.935722	0.090633
8259.796311	3.265275	128.613281	3.222656
8259.798311	3.267231	128.613281	3.222656
8259.800310	3.267693	128.613281	3.222656
8259.804310	3.267025	128.613281	3.222656
8259.806313	3.266947	128.613281	3.222656
8259.808312	3.266843	35.935272	0.088054
8260.822345	3.265837	-8.789062	-413.183594
8260.824347	3.267182	-8.789062	-413.183594
8260.826347	3.267331	-8.789062	-413.183594
8260.828347	3.267078	-8.789062	-413.183594
8260.830347	3.266690	-8.789062	-413.183594
8260.832349	3.266620	35.932816	0.085595
8261.878358	3.264452	129.882812	4.687500
8261.880358	3.266886	129.882812	4.687500
8261.882361	3.267366	129.882812	4.687500
8261.884359	3.267414	129.882812	4.687500
8261.886360	3.266857	129.882812	4.687500
8261.888358	3.266625	35.932880	0.090703
8262.904934	3.264727	-12.402344	-419.335937
8262.906934	3.267214	-12.402344	-419.335937
8262.908935	3.267625	-12.402344	-419.335937
8262.910934	3.267589	-12.402344	-419.335937
8262.912936	3.267048	-12.402344	-419.335937
8262.914935	3.266948	35.936432	0.093089
8263.962959	3.265940	128.906250	4.394531
8263.964959	3.267213	128.906250	4.394531
8263.966959	3.267455	128.906250	4.394531
8263.968960	3.267136	128.906250	4.394531
8263.970960	3.266741	128.906250	4.394531
8263.972958	3.266703	35.933731	0.086153
8264.991003	3.266013	-10.839844	-416.699219
8264.993005	3.267363	-10.839844	-416.699219
8264.995005	3.267553	-10.839844	-416.699219
8264.997005	3.267403	-10.839844	-416.699219
8264.999005	3.266821	-10.839844	-416.699219
8265.001006	3.266883	35.935715	0.089437
8266.047025	3.266943	129.980469	5.566406
8266.049026	3.267349	129.980469	5.566406
8266.051025	3.267268	129.980469	5.566406
8266.053025	3.266882	129.980469	5.566406
8266.055025	3.266700	35.933704	0.088011
8267.075579	3.266060	-9.179687	-413.769531
8267.077581	3.267164	-9.179687	-413.769531
8267.079586	3.267385	-9.179687	-413.769531
8267.081590	3.267025	-9.179687	-413.769531
8267.083594	3.266781	35.934589	0.085915
8268.128564	3.266767	129.394531	4.394531
8268.130567	3.267606	129.394531	4.394531
8268.132566	3.267843	129.394531	4.394531
8268.134567	3.267303	129.394531	4.394531
8268.136566	3.267099	35.938091	0.087181
8269.156620	3.264892	-10.644531	-418.457031
8269.158622	3.267032	-10.644531	-418.457031
8269.162618	3.267251	-10.644531	-418.457031
8269.164621	3.266843	-10.644531	-418.457031
8269.166620	3.266786	35.934643	0.091969
8270.212684	3.264444	131.152344	4.492187
8270.214684	3.266953	131.152344	4.492187
8270.216685	3.267394	131.152344	4.492187
8270.218686	3.267391	131.152344	4.492187
8270.220684	3.266881	131.152344	4.492187
8270.222686	3.266778	35.934551	0.085332
8271.243227	3.267892	-9.863281	-417.285156
8271.245228	3.267733	-9.863281	-417.285156
8271.249225	3.267126	-9.863281	-417.285156
8271.251228	3.267135	35.938488	0.089232
8272.295839	3.265386	132.226562	4.296875
8272.297841	3.267222	132.226562	4.296875
8272.299839	3.267587	132.226562	4.296875
8272.301842	3.267457	132.226562	4.296875
8272.303841	3.266862	132.226562	4.296875
8272.305841	3.266832	35.935146	0.089290
8273.320812	3.266823	-8.496094	-417.285156
8273.322814	3.267601	-8.496094	-417.285156
8273.324816	3.267705	-8.496094	-417.285156
8273.328813	3.267057	-8.496094	-417.285156
8273.332815	3.266918	35.936096	0.089494
8274.379373	3.265475	133.593750	3.515625
8274.381374	3.267024	133.593750	3.515625
8274.383373	3.267249	133.593750	3.515625
8274.385374	3.267100	133.593750	3.515625
8274.387375	3.266669	133.593750	3.515625
8274.389374	3.266575	35.932327	0.087341
8275.407398	3.267045	-6.933594	-416.308594
8275.409402	3.267484	-6.933594	-416.308594
8275.411401	3.267401	-6.933594	-416.308594
8275.413403	3.266980	-6.933594	-416.308594
8275.415406	3.266880	35.935680	0.536888
8276.463427	3.265127	133.789062	1.269531
8276.465428	3.267050	133.789062	1.269531
8276.467430	3.267462	133.789062	1.269531
8276.469429	3.267294	133.789062	1.269531
8276.471429	3.266873	133.789062	1.269531
8276.473430	3.266808	35.934891	0.090301
8277.489988	3.266500	-8.203125	-418.164062
8277.493991	3.267483	-8.203125	-418.164062
8277.495990	3.267025	-8.203125	-418.164062
8277.497992	3.266805	35.934853	0.088143
8278.548065	3.267330	133.789062	2.050781
8278.550067	3.267462	133.789062	2.050781
8278.552066	3.267062	133.789062	2.050781
8278.554065	3.266749	35.934242	0.089572
8279.578632	3.267498	-7.910156	-415.234375
8279.580634	3.267866	-7.910156	-415.234375
8279.584632	3.267084	-7.910156	-415.234375
8279.586635	3.267044	-7.910156	-415.234375
8279.588634	3.266973	35.936699	0.083910
8280.624718	3.266537	132.519531	4.785156
8280.626720	3.267555	132.519531	4.785156
8280.628720	3.267777	132.519531	4.785156
8280.630720	3.267435	132.519531	4.785156
8280.632720	3.267044	35.937481	0.092168
8281.660789	3.266175	-3.222656	-411.425781
8281.662792	3.267433	-3.222656	-411.425781
8281.664790	3.267692	-3.222656	-411.425781
8281.666792	3.267360	-3.222656	-411.425781
8281.668791	3.267007	-3.222656	-411.425781
8281.670791	3.266916	35.936081	0.087644
8282.704844	3.266616	130.175781	5.468750
8282.706847	3.267342	130.175781	5.468750
8282.708847	3.267420	130.175781	5.468750
8282.710847	3.267010	130.175781	5.468750
8282.712847	3.266804	35.934845	0.088421
8283.746895	3.266616	-3.222656	-415.917969
8283.748898	3.267331	-3.222656	-415.917969
8283.750896	3.267433	-3.222656	-415.917969
8283.752896	3.266958	-3.222656	-415.917969
8283.754897	3.266770	35.934467	0.167016
8284.790934	3.266115	130.664062	4.199219
8284.792936	3.267070	130.664062	4.199219
8284.794936	3.267231	130.664062	4.199219
8284.800935	3.266444	130.664062	4.199219
8284.802936	3.266517	35.931683	0.090100
8285.828977	3.267089	-6.835937	-416.503906
8285.830978	3.267370	-6.835937	-416.503906
8285.832981	3.267041	-6.835937	-416.503906
8285.834980	3.266652	-6.835937	-416.503906
8285.836980	3.266606	35.932667	0.090244
8286.877057	3.265282	130.761719	2.539062
8286.879057	3.267216	130.761719	2.539062
8286.881057	3.267582	130.761719	2.539062
8286.883057	3.267554	130.761719	2.539062
8286.885056	3.266973	130.761719	2.539062
8286.887055	3.266824	35.935059	0.087071
8287.905128	3.265464	-10.644531	-420.117187
8287.907129	3.267437	-10.644531	-420.117187
8287.909129	3.267848	-10.644531	-420.117187
8287.911129	3.267781	-10.644531	-420.117187
8287.913129	3.267773	-10.644531	-420.117187
8287.915129	3.267001	35.937008	0.086830
8288.963174	3.266260	133.691406	1.367187
8288.965177	3.267269	133.691406	1.367187
8288.967175	3.267500	133.691406	1.367187
8288.971174	3.266721	133.691406	1.367187
8288.973176	3.266662	35.933277	0.087574
8289.990155	3.267301	-5.566406	-416.015625
8289.992158	3.267642	-5.566406	-416.015625
8289.994158	3.267472	-5.566406	-416.015625
8289.996159	3.267045	-5.566406	-416.015625
8289.998159	3.266899	35.935894	0.088205
8291.046749	3.266847	135.742187	0.390625
8291.048749	3.267422	135.742187	0.390625
8291.050750	3.267356	135.742187	0.390625
8291.052748	3.266961	135.742187	0.390625
8291.054751	3.266903	35.935936	0.361733
8292.072794	3.266522	-6.542969	-416.406250
8292.074796	3.267371	-6.542969	-416.406250
8292.076796	3.267524	-6.542969	-416.406250
8292.078796	3.266993	-6.542969	-416.406250
8292.080796	3.266749	35.934242	0.085586
8293.130829	3.267404	135.253906	1.660156
8293.132831	3.267612	135.253906	1.660156
8293.134829	3.267238	135.253906	1.660156
8293.136830	3.266985	35.936832	0.086076
8294.157792	3.265771	-3.417969	-409.667969
8294.159794	3.267509	-3.417969	-409.667969
8294.161794	3.267612	-3.417969	-409.667969
8294.163794	3.267713	-3.417969	-409.667969
8294.165793	3.267265	-3.417969	-409.667969
8294.167794	3.267159	35.938755	0.086369
8295.205852	3.266537	133.496094	4.003906
8295.207855	3.267336	133.496094	4.003906
8295.209855	3.267477	133.496094	4.003906
8295.211855	3.267014	133.496094	4.003906
8295.213856	3.266735	35.934082	0.090975
8296.245895	3.266666	-2.441406	-412.109375
8296.247895	3.267260	-2.441406	-412.109375
8296.249896	3.267279	-2.441406	-412.109375
8296.251897	3.266814	-2.441406	-412.109375
8296.253896	3.266587	35.932453	0.209140
8297.289935	3.266409	135.156250	6.054687
8297.291937	3.267347	135.156250	6.054687
8297.293937	3.267550	135.156250	6.054687
8297.295937	3.267120	135.156250	6.054687
8297.297936	3.266848	35.935326	0.086178
8298.330003	3.266857	-1.855469	-414.746094
8298.332004	3.267345	-1.855469	-414.746094
8298.334005	3.267386	-1.855469	-414.746094
8298.336005	3.266773	-1.855469	-414.746094
8298.338003	3.266635	35.932983	0.404973
8299.372022	3.265621	132.519531	4.003906
8299.374026	3.267401	132.519531	4.003906
8299.376025	3.267732	132.519531	4.003906
8299.378025	3.267529	132.519531	4.003906
8299.380024	3.267135	132.519531	4.003906
8299.382025	3.266964	35.936607	0.087146
8300.412095	3.266695	-2.929687	-415.917969
8300.414096	3.267223	-2.929687	-415.917969
8300.416098	3.267250	-2.929687	-415.917969
8300.418096	3.266807	-2.929687	-415.917969
8300.420097	3.266567	35.932232	0.255374
8301.453651	1.748112	131.542969	2.636719
8301.458901	3.267400	131.542969	2.636719
8301.460904	3.267674	131.542969	2.636719
8301.462904	3.267539	131.542969	2.636719
8301.464904	3.266967	131.542969	2.636719
8301.466903	3.266989	35.936886	0.089816
8302.494987	3.266948	-2.246094	-412.109375
8302.496987	3.267558	-2.246094	-412.109375
8302.500985	3.267056	-2.246094	-412.109375
8302.502987	3.266888	-2.246094	-412.109375
8302.504988	3.266803	35.934830	0.087442
8303.539620	3.265967	132.812500	2.539062
8303.541623	3.267185	132.812500	2.539062
8303.543622	3.267468	132.812500	2.539062
8303.547622	3.266684	132.812500	2.539062
8303.549622	3.266607	132.812500	2.539062
8303.551625	3.266612	35.932728	0.086297
8304.575680	3.264663	-4.980469	-414.746094
8304.577682	3.266951	-4.980469	-414.746094
8304.579682	3.267400	-4.980469	-414.746094
8304.581681	3.267315	-4.980469	-414.746094
8304.583681	3.266780	-4.980469	-414.746094
8304.585682	3.266692	35.933613	0.087420
8305.623763	3.264793	132.812500	1.953125
8305.625764	3.266962	132.812500	1.953125
8305.627765	3.267413	132.812500	1.953125
8305.629764	3.267289	132.812500	1.953125
8305.631766	3.266807	132.812500	1.953125
8305.633766	3.266681	35.933491	0.086837
8306.657783	3.265490	-5.566406	-415.722656
8306.659785	3.267191	-5.566406	-415.722656
8306.661786	3.267558	-5.566406	-415.722656
8306.663785	3.267355	-5.566406	-415.722656
8306.665786	3.266937	-5.566406	-415.722656
8306.667785	3.266801	35.934811	0.088712
8307.705833	3.265795	133.789062	2.246094
8307.707835	3.267558	133.789062	2.246094
8307.709835	3.267931	133.789062	2.246094
8307.711836	3.267841	133.789062	2.246094
8307.713835	3.267253	133.789062	2.246094
8307.715835	3.267157	35.938728	0.089356
8308.741875	3.266205	-1.464844	-410.156250
8308.743875	3.267603	-1.464844	-410.156250
8308.745875	3.267956	-1.464844	-410.156250
8308.747876	3.267664	-1.464844	-410.156250
8308.749875	3.267200	-1.464844	-410.156250
8308.751875	3.267155	35.938709	0.085809
8309.789880	3.265779	134.472656	2.832031
8309.791881	3.267297	134.472656	2.832031
8309.793881	3.267607	134.472656	2.832031
8309.795881	3.267418	134.472656	2.832031
8309.797880	3.266911	134.472656	2.832031
8309.799881	3.266762	35.934376	0.088180
8310.826461	3.266541	0.976562	-407.714844
8310.828462	3.267387	0.976562	-407.714844
8310.830464	3.267524	0.976562	-407.714844
8310.832464	3.266986	0.976562	-407.714844
8310.834463	3.266771	35.934483	0.086464
8311.872508	3.264315	134.082031	2.343750
8311.874510	3.266948	134.082031	2.343750
8311.876511	3.267425	134.082031	2.343750
8311.878510	3.267438	134.082031	2.343750
8311.880511	3.266931	134.082031	2.343750
8311.882511	3.266831	35.935139	0.087671
8312.910588	3.266766	1.171875	-410.253906
8312.912590	3.267694	1.171875	-410.253906
8312.914592	3.267898	1.171875	-410.253906
8312.916590	3.267474	1.171875	-410.253906
8312.918590	3.267182	35.939003	0.085056
8313.951594	3.265357	134.765625	3.125000
8313.953597	3.267308	134.765625	3.125000
8313.959594	3.267120	134.765625	3.125000
8313.961594	3.266899	134.765625	3.125000
8313.963594	3.266953	35.936485	0.091365
8314.993658	3.266226	1.757812	-408.886719
8314.995658	3.267243	1.757812	-408.886719
8314.997659	3.267315	1.757812	-408.886719
8314.999657	3.267159	1.757812	-408.886719
8315.001658	3.266860	35.935467	0.085839
8316.040613	3.267127	137.792969	3.515625
8316.042614	3.267628	137.792969	3.515625
8316.044613	3.267692	137.792969	3.515625
8316.046613	3.267139	137.792969	3.515625
8316.048613	3.267020	35.937222	0.435807
8317.078658	3.267545	0.683594	-407.519531
8317.080660	3.267640	0.683594	-407.519531
8317.082660	3.267133	0.683594	-407.519531
8317.084660	3.266964	35.936600	0.083782
8318.122711	3.266828	137.988281	1.171875
8318.124714	3.267802	137.988281	1.171875
8318.126713	3.268030	137.988281	1.171875
8318.128719	3.267518	137.988281	1.171875
8318.130717	3.267154	35.938694	0.090834
8319.156806	3.264420	-2.343750	-412.304687
8319.158807	3.266923	-2.343750	-412.304687
8319.160807	3.267344	-2.343750	-412.304687
8319.162808	3.267289	-2.343750	-412.304687
8319.164808	3.266832	-2.343750	-412.304687
8319.166808	3.266717	35.933887	0.084060
8320.209354	3.266113	135.937500	-3.027344
8320.211359	3.267267	135.937500	-3.027344
8320.213366	3.267508	135.937500	-3.027344
8320.215361	3.267164	135.937500	-3.027344
8320.217361	3.266753	135.937500	-3.027344
8320.219362	3.266732	35.934048	0.090046
8321.237474	3.266286	-3.125000	-417.285156
8321.239475	3.267384	-3.125000	-417.285156
8321.241477	3.267639	-3.125000	-417.285156
8321.243476	3.267268	-3.125000	-417.285156
8321.245477	3.266915	-3.125000	-417.285156
8321.247477	3.266821	35.935032	0.082906
8322.295543	3.267846	136.621094	-3.710937
8322.297546	3.267693	136.621094	-3.710937
8322.299546	3.267229	136.621094	-3.710937
8322.301545	3.267113	35.938240	0.089798
8323.321607	3.267269	-8.691406	-427.246094
8323.323607	3.267414	-8.691406	-427.246094
8323.325609	3.266964	-8.691406	-427.246094
8323.327613	3.266732	35.934048	0.086895
8324.379677	3.267194	135.058594	-2.636719
8324.381679	3.267395	135.058594	-2.636719
8324.383679	3.267058	135.058594	-2.636719
8324.385679	3.266687	35.933563	0.083086
8325.407759	3.267455	-11.230469	-428.027344
8325.409762	3.267404	-11.230469	-428.027344
8325.411761	3.266911	-11.230469	-428.027344
8325.413761	3.266756	35.934315	0.540250
8326.459822	3.266665	137.109375	-0.390625
8326.461827	3.267367	137.109375	-0.390625
8326.463828	3.267484	137.109375	-0.390625
8326.465826	3.267044	137.109375	-0.390625
8326.467828	3.266757	35.934334	0.083190
8327.490775	3.266517	-4.003906	-416.113281
8327.492776	3.267496	-4.003906	-416.113281
8327.494777	3.267678	-4.003906	-416.113281
8327.496777	3.267222	-4.003906	-416.113281
8327.500774	3.266938	35.936317	0.085193
8328.539726	3.266949	136.230469	0.000000
8328.541727	3.267413	136.230469	0.000000
8328.543727	3.267381	136.230469	0.000000
8328.545726	3.266805	136.230469	0.000000
8328.547727	3.266650	35.933155	0.089238
8329.575817	3.266000	0.488281	-413.281250
8329.577819	3.267226	0.488281	-413.281250
8329.579818	3.267483	0.488281	-413.281250
8329.581820	3.267140	0.488281	-413.281250
8329.583819	3.266772	0.488281	-413.281250
8329.585819	3.266775	35.934525	0.084603
8330.622373	3.267107	138.964844	2.148437
8330.624375	3.267496	138.964844	2.148437
8330.626374	3.267383	138.964844	2.148437
8330.628374	3.266761	138.964844	2.148437
8330.632372	3.266694	35.933632	0.085937
8331.659319	3.266676	-0.488281	-416.406250
8331.661321	3.267387	-0.488281	-416.406250
8331.663321	3.267453	-0.488281	-416.406250
8331.665322	3.266927	-0.488281	-416.406250
8331.667322	3.266835	35.935181	0.146077
8332.707339	3.267475	140.332031	2.636719
8332.709343	3.267354	140.332031	2.636719
8332.711342	3.266946	140.332031	2.636719
8332.713345	3.266760	35.934357	0.548858
8333.743402	3.267379	0.683594	-412.011719
8333.745403	3.267724	0.683594	-412.011719
8333.747402	3.267665	0.683594	-412.011719
8333.751401	3.267015	0.683594	-412.011719
8333.753407	3.266918	35.936096	0.083119
8334.785990	3.264493	138.476562	-0.292969
8334.787993	3.267290	138.476562	-0.292969
8334.791990	3.267848	138.476562	-0.292969
8334.793994	3.267280	138.476562	-0.292969
8334.795992	3.267209	35.939293	0.091925
8335.822091	3.265833	-2.246094	-415.429687
8335.826087	3.267437	-2.246094	-415.429687
8335.828094	3.267188	-2.246094	-415.429687
8335.830094	3.266718	-2.246094	-415.429687
8335.832096	3.266635	35.932983	0.084356
8336.874098	3.266652	139.355469	-2.636719
8336.876099	3.267438	139.355469	-2.636719
8336.878099	3.267463	139.355469	-2.636719
8336.880098	3.267029	139.355469	-2.636719
8336.882099	3.266700	35.933704	0.193760
8337.906155	3.266640	-1.855469	-415.722656
8337.908157	3.267438	-1.855469	-415.722656
8337.910156	3.267494	-1.855469	-415.722656
8337.912155	3.266966	-1.855469	-415.722656
8337.914158	3.266754	35.934296	0.082092
8338.958183	3.266125	140.820312	-3.515625
8338.960186	3.267383	140.820312	-3.515625
8338.962187	3.267673	140.820312	-3.515625
8338.964184	3.267317	140.820312	-3.515625
8338.966186	3.266952	140.820312	-3.515625
8338.968186	3.266830	35.935131	0.089530
8339.988229	3.266413	-4.882812	-422.070312
8339.992228	3.267406	-4.882812	-422.070312
8339.994230	3.267007	-4.882812	-422.070312
8339.996232	3.266788	35.934669	0.083945
8341.044277	3.267519	142.187500	-3.710937
8341.046277	3.267599	142.187500	-3.710937
8341.050276	3.266920	142.187500	-3.710937
8341.052278	3.266831	35.935139	0.089969
8342.066870	3.264863	-3.613281	-421.386719
8342.068872	3.267083	-3.613281	-421.386719
8342.070873	3.267437	-3.613281	-421.386719
8342.072871	3.267407	-3.613281	-421.386719
8342.074872	3.266948	-3.613281	-421.386719
8342.076870	3.266752	35.934269	0.086241
8343.126959	3.267519	142.773437	-4.101562
8343.128960	3.267959	142.773437	-4.101562
8343.130960	3.267712	142.773437	-4.101562
8343.134958	3.267180	142.773437	-4.101562
8343.136964	3.267157	35.938728	0.087516
8344.153499	3.266072	-3.613281	-421.386719
8344.155502	3.267198	-3.613281	-421.386719
8344.157501	3.267487	-3.613281	-421.386719
8344.159500	3.267187	-3.613281	-421.386719
8344.161501	3.266796	-3.613281	-421.386719
8344.163501	3.266728	35.934006	0.085085
8345.208049	3.266824	140.820312	-4.687500
8345.210049	3.267425	140.820312	-4.687500
8345.212052	3.267499	140.820312	-4.687500
8345.214050	3.266905	140.820312	-4.687500
8345.216051	3.266732	35.934055	0.092685
8346.234124	3.265065	-3.222656	-420.996094
8346.236123	3.267184	-3.222656	-420.996094
8346.238124	3.267599	-3.222656	-420.996094
8346.240123	3.267558	-3.222656	-420.996094
8346.242124	3.266985	-3.222656	-420.996094
8346.244125	3.266837	35.935207	0.086021
8347.294167	3.267200	143.652344	-3.710937
8347.296169	3.267550	143.652344	-3.710937
8347.298170	3.267261	143.652344	-3.710937
8347.300169	3.266833	143.652344	-3.710937
8347.302169	3.266814	35.934952	0.087017
8348.319151	1.821122	-4.785156	-422.949219
8348.321153	3.266923	-4.785156	-422.949219
8348.323153	3.267404	-4.785156	-422.949219
8348.325153	3.267421	-4.785156	-422.949219
8348.327153	3.266907	-4.785156	-422.949219
8348.329152	3.266635	35.932983	0.085474
8349.373187	3.264876	143.066406	-3.515625
8349.375191	3.266992	143.066406	-3.515625
8349.377189	3.267351	143.066406	-3.515625
8349.379191	3.267325	143.066406	-3.515625
8349.381189	3.266785	143.066406	-3.515625
8349.383189	3.266743	35.934174	0.088765
8350.405255	3.266546	-0.683594	-414.355469
8350.407257	3.267482	-0.683594	-414.355469
8350.409258	3.267432	-0.683594	-414.355469
8350.411258	3.267340	-0.683594	-414.355469
8350.413256	3.266987	35.936859	0.080978
8351.459354	3.267661	139.843750	-3.027344
8351.461357	3.267437	139.843750	-3.027344
8351.463357	3.267023	139.843750	-3.027344
8351.465356	3.266862	35.935482	0.087181
8352.491401	3.267216	0.195312	-412.695312
8352.493407	3.267493	0.195312	-412.695312
8352.495405	3.267237	0.195312	-412.695312
8352.497405	3.266724	0.195312	-412.695312
8352.501403	3.266704	35.933746	0.081507
8353.536018	3.266986	144.140625	0.292969
8353.538021	3.267600	144.140625	0.292969
8353.540020	3.267788	144.140625	0.292969
8353.542020	3.267226	144.140625	0.292969
8353.544020	3.267015	35.937160	0.115435
8354.572049	3.266103	-0.292969	-415.527344
8354.574052	3.267508	-0.292969	-415.527344
8354.576052	3.267761	-0.292969	-415.527344
8354.578053	3.267485	-0.292969	-415.527344
8354.580051	3.267056	-0.292969	-415.527344
8354.582053	3.266987	35.936859	0.085268
8355.618083	3.267650	141.894531	0.585937
8355.620083	3.267851	141.894531	0.585937
8355.622084	3.267635	141.894531	0.585937
8355.624085	3.267188	141.894531	0.585937
8355.626082	3.267106	35.938168	0.089413
8356.660125	3.267715	4.003906	-410.253906
8356.662129	3.267801	4.003906	-410.253906
8356.664128	3.267316	4.003906	-410.253906
8356.666129	3.267082	35.937904	0.085627
8357.702156	3.267360	141.992187	-0.488281
8357.704158	3.267755	141.992187	-0.488281
8357.706158	3.267797	141.992187	-0.488281
8357.708157	3.267241	141.992187	-0.488281
8357.710158	3.267159	35.938755	0.512385
8358.740736	3.267067	1.562500	-412.011719
8358.742739	3.267665	1.562500	-412.011719
8358.744738	3.267661	1.562500	-412.011719
8358.746737	3.267170	1.562500	-412.011719
8358.748738	3.266930	35.936230	0.286526
8359.788783	3.266987	139.355469	-2.636719
8359.790784	3.267397	139.355469	-2.636719
8359.792785	3.267287	139.355469	-2.636719
8359.794784	3.266757	139.355469	-2.636719
8359.796786	3.266694	35.933632	0.084959
8360.820841	3.266608	-5.664062	-420.507812
8360.822841	3.267284	-5.664062	-420.507812
8360.824842	3.267371	-5.664062	-420.507812
8360.826843	3.266940	-5.664062	-420.507812
8360.828842	3.266753	35.934280	0.186826
8361.872866	3.266806	142.480469	-2.929687
8361.874866	3.267699	142.480469	-2.929687
8361.876867	3.267743	142.480469	-2.929687
8361.878868	3.267271	142.480469	-2.929687
8361.880866	3.266940	35.936344	0.086746
8362.899412	3.265307	-6.738281	-423.046875
8362.901413	3.266995	-6.738281	-423.046875
8362.903413	3.267377	-6.738281	-423.046875
8362.905413	3.267170	-6.738281	-423.046875
8362.907412	3.266736	-6.738281	-423.046875
8362.909414	3.266637	35.933002	0.086166
8363.957474	3.266882	143.164062	-4.394531
8363.959474	3.267330	143.164062	-4.394531
8363.961474	3.267246	143.164062	-4.394531
8363.963474	3.266746	143.164062	-4.394531
8363.965476	3.266642	35.933067	0.673027
8364.982032	3.266583	-7.226562	-427.441406
8364.984033	3.267478	-7.226562	-427.441406
8364.986034	3.267644	-7.226562	-427.441406
8364.988032	3.267270	-7.226562	-427.441406
8364.990033	3.266836	35.935200	0.084650
8366.042112	3.266994	143.554687	-5.957031
8366.044114	3.267284	143.554687	-5.957031
8366.046117	3.267107	143.554687	-5.957031
8366.048119	3.266696	143.554687	-5.957031
8366.050117	3.266552	35.932072	0.086811
8367.066200	3.266562	-5.078125	-425.781250
8367.068202	3.267491	-5.078125	-425.781250
8367.070202	3.267805	-5.078125	-425.781250
8367.072204	3.267317	-5.078125	-425.781250
8367.074209	3.267014	35.937153	0.084054
8368.124264	3.266755	146.289062	-5.566406
8368.126266	3.267330	146.289062	-5.566406
8368.130265	3.266801	146.289062	-5.566406
8368.132267	3.266683	146.289062	-5.566406
8368.134266	3.266605	35.932655	0.383705
8369.150267	3.265924	-0.488281	-416.015625
8369.152269	3.267250	-0.488281	-416.015625
8369.154268	3.267470	-0.488281	-416.015625
8369.158267	3.266721	-0.488281	-416.015625
8369.160269	3.266816	-0.488281	-416.015625
8369.162269	3.266682	35.933498	0.082831
8370.205242	3.266739	147.070312	-4.199219
8370.207245	3.267550	147.070312	-4.199219
8370.209245	3.267643	147.070312	-4.199219
8370.211244	3.267020	147.070312	-4.199219
8370.213244	3.266903	35.935936	0.086708
8371.239275	3.267276	-4.296875	-421.289062
8371.241277	3.267396	-4.296875	-421.289062
8371.243277	3.266981	-4.296875	-421.289062
8371.245278	3.266657	35.933228	0.079678
8372.285344	3.266948	145.410156	-2.832031
8372.287346	3.267401	145.410156	-2.832031
8372.289347	3.267429	145.410156	-2.832031
8372.291346	3.266911	145.410156	-2.832031
8372.293346	3.266761	35.934368	0.419029
8373.319971	3.266024	1.660156	-411.621094
8373.321972	3.267266	1.660156	-411.621094
8373.323971	3.267541	1.660156	-411.621094
8373.325971	3.267340	1.660156	-411.621094
8373.327973	3.266858	1.660156	-411.621094
8373.329972	3.266755	35.934307	0.082302
8374.366019	3.265020	143.457031	-1.953125
8374.368021	3.266997	143.457031	-1.953125
8374.370020	3.267353	143.457031	-1.953125
8374.372019	3.267324	143.457031	-1.953125
8374.374020	3.266778	143.457031	-1.953125
8374.378019	3.266630	35.932930	0.087837
8375.402088	3.264630	0.683594	-413.964844
8375.404092	3.267118	0.683594	-413.964844
8375.406090	3.267630	0.683594	-413.964844
8375.408090	3.267442	0.683594	-413.964844
8375.410091	3.266949	0.683594	-413.964844
8375.412090	3.266849	35.935341	0.084864
8376.448146	3.265482	142.871094	-1.757812
8376.450147	3.267072	142.871094	-1.757812
8376.452147	3.267276	142.871094	-1.757812
8376.454145	3.267064	142.871094	-1.757812
8376.458146	3.266622	142.871094	-1.757812
8376.460146	3.266592	35.932514	0.087908
8377.486203	3.265070	2.148437	-412.988281
8377.488204	3.266943	2.148437	-412.988281
8377.490206	3.267305	2.148437	-412.988281
8377.492205	3.267163	2.148437	-412.988281
8377.494206	3.266693	2.148437	-412.988281
8377.496206	3.266609	35.932701	0.085097
8378.530263	3.265333	144.824219	-1.562500
8378.532264	3.267217	144.824219	-1.562500
8378.534266	3.267550	144.824219	-1.562500
8378.536265	3.267598	144.824219	-1.562500
8378.538266	3.266893	144.824219	-1.562500
8378.540264	3.266953	35.936478	0.088667
8379.574319	3.267539	5.273437	-407.910156
8379.576320	3.267478	5.273437	-407.910156
8379.578322	3.266964	5.273437	-407.910156
8379.580322	3.266737	35.934109	0.082790
8380.616398	3.266480	145.703125	-1.562500
8380.618399	3.267366	145.703125	-1.562500
8380.620399	3.267641	145.703125	-1.562500
8380.622399	3.267264	145.703125	-1.562500
8380.624398	3.266836	35.935192	0.082905
8381.654414	3.265957	4.003906	-410.156250
8381.658414	3.267425	4.003906	-410.156250
8381.660415	3.267155	4.003906	-410.156250
8381.662418	3.266742	4.003906	-410.156250
8381.664417	3.266675	35.933418	0.085947
8382.696967	3.266523	144.335937	-2.539062
8382.698969	3.267263	144.335937	-2.539062
8382.700971	3.267420	144.335937	-2.539062
8382.702971	3.266908	144.335937	-2.539062
8382.706969	3.266604	35.932648	0.101974
8383.739051	3.267228	3.222656	-411.523437
8383.741053	3.267408	3.222656	-411.523437
8383.743052	3.267009	3.222656	-411.523437
8383.745053	3.266639	35.933029	0.084668
8384.781593	3.266904	146.289062	-2.050781
8384.783595	3.267213	146.289062	-2.050781
8384.785595	3.267229	146.289062	-2.050781
8384.787594	3.266707	146.289062	-2.050781
8384.789593	3.266607	35.932674	0.086427
8385.822203	3.266596	1.464844	-413.867187
8385.824204	3.267186	1.464844	-413.867187
8385.828203	3.266923	1.464844	-413.867187
8385.830206	3.266662	1.464844	-413.867187
8385.834203	3.266591	35.932495	0.099809
8386.866235	3.266685	142.968750	-3.125000
8386.868237	3.266633	142.968750	-3.125000
8386.870237	3.267396	142.968750	-3.125000
8386.872237	3.267020	142.968750	-3.125000
8386.874237	3.266754	35.934296	0.084204
8387.902341	3.264187	2.148437	-412.109375
8387.904344	3.264282	2.148437	-412.109375
8387.906344	3.267655	2.148437	-412.109375
8387.908343	3.267711	2.148437	-412.109375
8387.910344	3.267174	2.148437	-412.109375
8387.912344	3.267023	35.937248	0.084926
8388.950399	3.267796	143.554687	-3.222656
8388.952398	3.267857	143.554687	-3.222656
8388.954400	3.267460	143.554687	-3.222656
8388.956409	3.267052	35.937576	0.083305
8389.986475	3.266481	2.636719	-410.058594
8389.988476	3.267508	2.636719	-410.058594
8389.990475	3.267611	2.636719	-410.058594
8389.992477	3.267285	2.636719	-410.058594
8389.994477	3.266877	35.935650	0.083729
8391.029066	3.263511	146.875000	-3.417969
8391.033066	3.267313	146.875000	-3.417969
8391.035068	3.267368	146.875000	-3.417969
8391.037067	3.266838	146.875000	-3.417969
8391.041066	3.266654	35.933189	0.090726
8392.067077	3.264042	-1.660156	-416.210937
8392.069078	3.266823	-1.660156	-416.210937
8392.071078	3.267204	-1.660156	-416.210937
8392.073080	3.267208	-1.660156	-416.210937
8392.075077	3.266722	-1.660156	-416.210937
8392.077078	3.266587	35.932453	0.081824
8393.115113	3.266016	146.777344	-5.371094
8393.117115	3.267079	146.777344	-5.371094
8393.119120	3.267298	146.777344	-5.371094
8393.121125	3.266984	146.777344	-5.371094
8393.123125	3.266604	35.932640	0.088427
8394.149149	3.266442	-2.246094	-417.871094
8394.151151	3.267210	-2.246094	-417.871094
8394.153153	3.267384	-2.246094	-417.871094
8394.155152	3.267065	-2.246094	-417.871094
8394.157151	3.266649	35.933136	0.083304
8395.205184	3.267427	149.218750	-6.835937
8395.207187	3.267362	149.218750	-6.835937
8395.209187	3.266900	149.218750	-6.835937
8395.211187	3.266753	35.934280	0.587392
8396.230154	3.264425	-2.832031	-420.800781
8396.232153	3.267108	-2.832031	-420.800781
8396.234153	3.267648	-2.832031	-420.800781
8396.236154	3.267581	-2.832031	-420.800781
8396.238154	3.267022	-2.832031	-420.800781
8396.240154	3.266948	35.936424	0.082102
8397.286244	3.266033	150.097656	-8.007812
8397.288246	3.267280	150.097656	-8.007812
8397.290245	3.267535	150.097656	-8.007812
8397.292247	3.267522	150.097656	-8.007812
8397.294246	3.266867	150.097656	-8.007812
8397.296246	3.266753	35.934288	0.086609
8398.315199	3.267277	-6.054687	-427.734375
8398.317199	3.267376	-6.054687	-427.734375
8398.319199	3.266977	-6.054687	-427.734375
8398.321200	3.266776	35.934536	0.080740
8399.371226	3.266780	149.023437	-8.105469
8399.375227	3.267187	149.023437	-8.105469
8399.377227	3.266794	149.023437	-8.105469
8399.379228	3.266598	35.932579	0.472317
8400.393252	3.264450	-5.566406	-425.097656
8400.395252	3.267068	-5.566406	-425.097656
8400.397254	3.267482	-5.566406	-425.097656
8400.399255	3.267565	-5.566406	-425.097656
8400.401255	3.266968	-5.566406	-425.097656
8400.403253	3.266786	35.934643	0.085697
8401.453266	3.267375	145.605469	-8.007812
8401.455267	3.267595	145.605469	-8.007812
8401.457267	3.267400	145.605469	-8.007812
8401.459267	3.266955	145.605469	-8.007812
8401.461267	3.266832	35.935158	0.086593
8402.479294	3.266962	-7.031250	-423.535156
8402.481297	3.267503	-7.031250	-423.535156
8402.483297	3.267563	-7.031250	-423.535156
8402.485297	3.267069	-7.031250	-423.535156
8402.487296	3.266944	35.936390	0.253595
8403.535335	3.267607	147.460937	-7.031250
8403.537335	3.267830	147.460937	-7.031250
8403.539336	3.267554	147.460937	-7.031250
8403.541336	3.267063	35.937691	0.085564
8404.563887	3.264041	-6.445312	-418.945312
8404.565889	3.266919	-6.445312	-418.945312
8404.567890	3.267426	-6.445312	-418.945312
8404.569888	3.267523	-6.445312	-418.945312
8404.571889	3.266936	-6.445312	-418.945312
8404.573888	3.266676	35.933437	0.085428
8405.613967	3.266203	145.898437	-6.640625
8405.615968	3.267404	145.898437	-6.640625
8405.617968	3.267643	145.898437	-6.640625
8405.619968	3.267364	145.898437	-6.640625
8405.621967	3.266895	145.898437	-6.640625
8405.623967	3.266824	35.935059	0.086525
8406.648052	3.266534	-3.222656	-415.527344
8406.650053	3.267460	-3.222656	-415.527344
8406.652056	3.267612	-3.222656	-415.527344
8406.656054	3.266810	-3.222656	-415.527344
8406.658056	3.266810	35.934910	0.085994
8407.700156	3.267551	148.242187	-5.371094
8407.702160	3.267782	148.242187	-5.371094
8407.704158	3.267271	148.242187	-5.371094
8407.706158	3.267081	35.937893	0.081209
8408.737135	3.267565	-1.660156	-416.210937
8408.739138	3.267761	-1.660156	-416.210937
8408.741136	3.267273	-1.660156	-416.210937
8408.743136	3.266958	35.936539	0.082224
8409.781227	3.267318	146.582031	-5.273437
8409.783228	3.267313	146.582031	-5.273437
8409.785230	3.266928	146.582031	-5.273437
8409.787228	3.266683	35.933517	0.123412
8410.815277	3.263466	1.953125	-412.207031
8410.817279	3.266663	1.953125	-412.207031
8410.819280	3.267267	1.953125	-412.207031
8410.823278	3.266791	1.953125	-412.207031
8410.825280	3.266607	1.953125	-412.207031
8410.827280	3.266616	35.932774	0.085805
8411.863363	3.267410	146.093750	-5.078125
8411.865365	3.267657	146.093750	-5.078125
8411.867363	3.267367	146.093750	-5.078125
8411.869364	3.266940	146.093750	-5.078125
8411.873362	3.266839	35.935226	0.084429
8412.903474	3.267346	3.027344	-409.277344
8412.905480	3.267472	3.027344	-409.277344
8412.907481	3.266947	3.027344	-409.277344
8412.909481	3.266683	35.933510	0.174488
8413.944053	3.264798	149.414062	-4.687500
8413.946054	3.266935	149.414062	-4.687500
8413.948056	3.267347	149.414062	-4.687500
8413.950054	3.267200	149.414062	-4.687500
8413.952056	3.266716	149.414062	-4.687500
8413.956053	3.266535	35.931885	0.087248
8414.982117	3.264198	0.097656	-413.281250
8414.984120	3.266921	0.097656	-413.281250
8414.986120	3.267390	0.097656	-413.281250
8414.988119	3.267477	0.097656	-413.281250
8414.990121	3.266944	0.097656	-413.281250
8414.992119	3.266757	35.934326	0.083476
8416.032160	3.267526	151.855469	-5.273437
8416.036185	3.267495	151.855469	-5.273437
8416.038188	3.266970	151.855469	-5.273437
8416.040188	3.266932	35.936256	0.084554
8417.064212	3.263324	1.171875	-410.937500
8417.066214	3.266578	1.171875	-410.937500
8417.068214	3.267205	1.171875	-410.937500
8417.070214	3.267306	1.171875	-410.937500
8417.072214	3.266810	1.171875	-410.937500
8417.074214	3.266613	35.932739	0.083634
8418.114305	3.266718	151.464844	-6.250000
8418.116306	3.267219	151.464844	-6.250000
8418.118307	3.267357	151.464844	-6.250000
8418.120307	3.266744	151.464844	-6.250000
8418.122306	3.266629	35.932922	0.310196
8419.147296	3.265455	-1.269531	-414.941406
8419.149300	3.267031	-1.269531	-414.941406
8419.153296	3.267161	-1.269531	-414.941406
8419.155300	3.266756	-1.269531	-414.941406
8419.157298	3.266625	35.932880	0.082704
8420.195349	3.265550	150.585937	-7.519531
8420.199349	3.267404	150.585937	-7.519531
8420.201351	3.267310	150.585937	-7.519531
8420.203352	3.266767	150.585937	-7.519531
8420.205350	3.266735	35.934082	0.090021
8421.231459	3.267147	1.757812	-410.253906
8421.233463	3.267680	1.757812	-410.253906
8421.235462	3.267797	1.757812	-410.253906
8421.237462	3.267210	1.757812	-410.253906
8421.239462	3.267040	35.937435	0.083609
8422.282035	3.266924	148.339844	-8.300781
8422.284037	3.267327	148.339844	-8.300781
8422.286036	3.267272	148.339844	-8.300781
8422.288037	3.267242	148.339844	-8.300781
8422.290036	3.266617	35.932789	0.737765
8423.314080	3.266397	-0.878906	-413.964844
8423.316084	3.267340	-0.878906	-413.964844
8423.318086	3.267619	-0.878906	-413.964844
8423.320082	3.267238	-0.878906	-413.964844
8423.322084	3.266799	35.934795	0.081727
8424.360116	3.264645	152.832031	-7.031250
8424.362117	3.266903	152.832031	-7.031250
8424.364119	3.267380	152.832031	-7.031250
8424.366119	3.267172	152.832031	-7.031250
8424.368118	3.266758	152.832031	-7.031250
8424.370118	3.266606	35.932667	0.090055
8425.398175	3.266965	0.683594	-410.742187
8425.400176	3.267331	0.683594	-410.742187
8425.402178	3.267169	0.683594	-410.742187
8425.404179	3.266741	0.683594	-410.742187
8425.406176	3.266604	35.932640	0.082768
8426.448223	3.267405	152.832031	-6.054687
8426.450233	3.267438	152.832031	-6.054687
8426.452238	3.266879	152.832031	-6.054687
8426.454241	3.266663	35.933296	0.415038
8427.480275	3.265816	0.195312	-411.718750
8427.482276	3.267246	0.195312	-411.718750
8427.484277	3.267491	0.195312	-411.718750
8427.486277	3.267328	0.195312	-411.718750
8427.488275	3.266868	0.195312	-411.718750
8427.490277	3.266755	35.934307	0.083413
8428.528355	3.267317	149.121094	-6.445312
8428.530357	3.267586	149.121094	-6.445312
8428.532358	3.267370	149.121094	-6.445312
8428.534358	3.266874	149.121094	-6.445312
8428.536356	3.266891	35.935795	0.084850
8429.566407	3.266531	4.882812	-405.175781
8429.570407	3.267367	4.882812	-405.175781
8429.572408	3.266922	4.882812	-405.175781
8429.574408	3.266675	35.933418	0.078675
8430.608441	3.265597	148.925781	-6.250000
8430.610442	3.267193	148.925781	-6.250000
8430.612443	3.267512	148.925781	-6.250000
8430.614443	3.267376	148.925781	-6.250000
8430.616441	3.266823	148.925781	-6.250000
8430.618444	3.266815	35.934971	0.086943
8431.648501	3.266396	5.664062	-403.906250
8431.650502	3.267296	5.664062	-403.906250
8431.652502	3.267405	5.664062	-403.906250
8431.654503	3.266964	5.664062	-403.906250
8431.656502	3.266732	35.934048	0.085011
8432.692517	3.266684	150.000000	-6.445312
8432.694520	3.267292	150.000000	-6.445312
8432.696518	3.267366	150.000000	-6.445312
8432.698532	3.266845	150.000000	-6.445312
8432.700536	3.266683	35.933517	0.087929
8433.730607	3.265423	0.195312	-410.253906
8433.732608	3.267024	0.195312	-410.253906
8433.734608	3.267295	0.195312	-410.253906
8433.736607	3.267153	0.195312	-410.253906
8433.738606	3.266711	0.195312	-410.253906
8433.740609	3.266610	35.932713	0.085886
8434.776679	3.266614	148.828125	-7.910156
8434.778682	3.267280	148.828125	-7.910156
8434.782679	3.266850	148.828125	-7.910156
8434.784682	3.266763	148.828125	-7.910156
8434.786682	3.266594	35.932533	0.085474
8435.812692	3.263611	-0.292969	-408.984375
8435.814696	3.263839	-0.292969	-408.984375
8435.816703	3.266819	-0.292969	-408.984375
8435.818706	3.267367	-0.292969	-408.984375
8435.820706	3.266807	-0.292969	-408.984375
8435.822704	3.266666	35.933331	0.084273
8436.860747	3.266282	149.609375	-8.496094
8436.862749	3.267623	149.609375	-8.496094
8436.864749	3.267900	149.609375	-8.496094
8436.866749	3.267591	149.609375	-8.496094
8436.868750	3.267132	149.609375	-8.496094
8436.870750	3.267049	35.937538	0.085637
8437.894758	3.265606	-1.855469	-408.398437
8437.896758	3.267163	-1.855469	-408.398437
8437.898758	3.267481	-1.855469	-408.398437
8437.900757	3.267231	-1.855469	-408.398437
8437.902757	3.266811	-1.855469	-408.398437
8437.904757	3.266780	35.934582	0.085054
8438.945366	3.264763	151.367187	-8.886719
8438.947368	3.267201	151.367187	-8.886719
8438.949368	3.267655	151.367187	-8.886719
8438.951366	3.267724	151.367187	-8.886719
8438.953368	3.267104	151.367187	-8.886719
8438.955367	3.266915	35.936062	0.082534
8439.976312	3.265071	-3.417969	-411.328125
8439.978313	3.267102	-3.417969	-411.328125
8439.980315	3.267429	-3.417969	-411.328125
8439.982313	3.267299	-3.417969	-411.328125
8439.984315	3.266791	-3.417969	-411.328125
8439.986314	3.266768	35.934448	0.081352
8441.028343	3.264850	150.683594	-10.449219
8441.030343	3.267053	150.683594	-10.449219
8441.032343	3.267425	150.683594	-10.449219
8441.034343	3.267429	150.683594	-10.449219
8441.036344	3.266862	150.683594	-10.449219
8441.038343	3.266652	35.933170	0.084353
8442.056460	3.266181	-6.347656	-419.335937
8442.058461	3.267054	-6.347656	-419.335937
8442.062458	3.266896	-6.347656	-419.335937
8442.064461	3.266594	-6.347656	-419.335937
8442.066461	3.266500	35.931496	0.084134
8443.114540	3.265788	149.707031	-11.816406
8443.116543	3.267452	149.707031	-11.816406
8443.118541	3.267925	149.707031	-11.816406
8443.120542	3.267653	149.707031	-11.816406
8443.122542	3.267167	149.707031	-11.816406
8443.124542	3.267110	35.938213	0.084057
8444.142570	3.267412	-4.589844	-419.628906
8444.144570	3.267464	-4.589844	-419.628906
8444.146572	3.267037	-4.589844	-419.628906
8444.148571	3.266805	35.934853	0.123522
8445.194638	3.263653	153.320312	-11.621094
8445.196638	3.266687	153.320312	-11.621094
8445.198639	3.267123	153.320312	-11.621094
8445.200638	3.267143	153.320312	-11.621094
8445.204636	3.266530	153.320312	-11.621094
8445.206638	3.266471	35.931179	0.088127
8446.226699	3.267502	-0.781250	-415.429687
8446.228701	3.267720	-0.781250	-415.429687
8446.230700	3.267193	-0.781250	-415.429687
8446.232703	3.266888	35.935768	0.078698
8447.281329	3.267064	150.878906	-12.792969
8447.283332	3.267454	150.878906	-12.792969
8447.285329	3.267395	150.878906	-12.792969
8447.287330	3.266863	150.878906	-12.792969
8447.289330	3.266787	35.934662	0.085094
8448.309398	3.266829	0.585937	-412.402344
8448.313397	3.267574	0.585937	-412.402344
8448.315401	3.267036	0.585937	-412.402344
8448.317401	3.266800	35.934803	0.212065
8449.363495	3.267270	154.882812	-11.328125
8449.367496	3.267724	154.882812	-11.328125
8449.369499	3.267193	154.882812	-11.328125
8449.373495	3.267086	35.937950	0.087071
8450.392077	3.266647	0.683594	-409.765625
8450.394080	3.267319	0.683594	-409.765625
8450.396078	3.267402	0.683594	-409.765625
8450.398077	3.266940	0.683594	-409.765625
8450.400077	3.266773	35.934502	0.097796
8451.446617	3.267669	155.664062	-10.644531
8451.448619	3.267949	155.664062	-10.644531
8451.450620	3.267421	155.664062	-10.644531
8451.452619	3.267049	35.937538	0.082874
8452.477574	3.266574	-1.464844	-411.328125
8452.479574	3.267608	-1.464844	-411.328125
8452.481574	3.267846	-1.464844	-411.328125
8452.483575	3.267784	-1.464844	-411.328125
8452.485575	3.267012	35.937134	0.079454
8453.525615	3.266451	153.808594	-9.960937
8453.527618	3.267425	153.808594	-9.960937
8453.529618	3.267695	153.808594	-9.960937
8453.531616	3.267317	153.808594	-9.960937
8453.533616	3.266870	35.935574	0.085456
8454.559669	3.265198	3.417969	-402.929687
8454.561671	3.267022	3.417969	-402.929687
8454.563673	3.267394	3.417969	-402.929687
8454.565672	3.267264	3.417969	-402.929687
8454.567671	3.266814	3.417969	-402.929687
8454.569671	3.266578	35.932354	0.080113
8455.609782	3.267449	151.855469	-9.472656
8455.611784	3.267565	151.855469	-9.472656
8455.613784	3.267027	151.855469	-9.472656
8455.615787	3.266753	35.934280	0.091721
8456.643830	3.266881	0.781250	-406.445312
8456.645831	3.267520	0.781250	-406.445312
8456.647831	3.267709	0.781250	-406.445312
8456.649831	3.267118	0.781250	-406.445312
8456.651831	3.266846	35.935307	0.294771
8457.689859	3.266295	154.003906	-8.398437
8457.691862	3.267155	154.003906	-8.398437
8457.693865	3.267371	154.003906	-8.398437
8457.695873	3.266954	154.003906	-8.398437
8457.699875	3.266614	35.932755	0.085379
8458.729905	3.267278	-0.390625	-408.203125
8458.731905	3.267631	-0.390625	-408.203125
8458.733907	3.267407	-0.390625	-408.203125
8458.737903	3.266922	-0.390625	-408.203125
8458.739904	3.266928	35.936211	0.818002
8459.771960	3.264764	152.929687	-8.691406
8459.773962	3.267328	152.929687	-8.691406
8459.775962	3.267307	152.929687	-8.691406
8459.777962	3.267761	152.929687	-8.691406
8459.779961	3.267233	152.929687	-8.691406
8459.781961	3.267205	35.939259	0.084484
8460.812021	3.267089	4.199219	-401.562500
8460.814023	3.267477	4.199219	-401.562500
8460.818021	3.266944	4.199219	-401.562500
8460.820023	3.266773	4.199219	-401.562500
8460.822022	3.266826	35.935085	0.081625
8461.854567	3.265323	154.785156	-8.203125
8461.856566	3.267327	154.785156	-8.203125
8461.858569	3.267620	154.785156	-8.203125
8461.860567	3.267521	154.785156	-8.203125
8461.862568	3.267037	154.785156	-8.203125
8461.864569	3.266922	35.936138	0.086174
8462.892611	3.266194	2.148437	-403.808594
8462.894613	3.267247	2.148437	-403.808594
8462.896612	3.267455	2.148437	-403.808594
8462.898613	3.267117	2.148437	-403.808594
8462.900613	3.266745	35.934189	0.083328
8463.938655	3.265426	153.417969	-8.789062
8463.940656	3.267020	153.417969	-8.789062
8463.942656	3.267339	153.417969	-8.789062
8463.944656	3.267173	153.417969	-8.789062
8463.946656	3.266655	153.417969	-8.789062
8463.948656	3.266559	35.932152	0.085439
8464.976689	3.266456	2.441406	-403.027344
8464.978692	3.267245	2.441406	-403.027344
8464.980691	3.267415	2.441406	-403.027344
8464.982690	3.266986	2.441406	-403.027344
8464.984691	3.266740	35.934139	0.081042
8466.022690	3.266691	154.785156	-8.886719
8466.024693	3.267233	154.785156	-8.886719
8466.026693	3.267348	154.785156	-8.886719
8466.028693	3.266756	154.785156	-8.886719
8466.030694	3.266637	35.933010	0.087097
8467.058810	3.264979	4.199219	-400.390625
8467.060811	3.267427	4.199219	-400.390625
8467.062812	3.267821	4.199219	-400.390625
8467.064812	3.267751	4.199219	-400.390625
8467.066811	3.267267	4.199219	-400.390625
8467.068812	3.267106	35.938160	0.079563
8468.105762	3.266025	154.980469	-9.570312
8468.107763	3.267117	154.980469	-9.570312
8468.109765	3.267316	154.980469	-9.570312
8468.113762	3.266622	154.980469	-9.570312
8468.115765	3.266551	35.932056	0.087073
8469.141841	3.265896	2.539062	-402.832031
8469.143843	3.267203	2.539062	-402.832031
8469.147842	3.267229	2.539062	-402.832031
8469.149842	3.266796	2.539062	-402.832031
8469.151845	3.266618	35.932796	0.084102
8470.190399	3.265048	157.421875	-10.156250
8470.192399	3.267095	157.421875	-10.156250
8470.194402	3.267453	157.421875	-10.156250
8470.196400	3.267346	157.421875	-10.156250
8470.200397	3.266761	157.421875	-10.156250
8470.204397	3.266749	35.934242	0.084728
8471.224974	3.266628	1.855469	-404.492187
8471.226973	3.267267	1.855469	-404.492187
8471.228974	3.267315	1.855469	-404.492187
8471.230975	3.266834	1.855469	-404.492187
8471.232975	3.266631	35.932941	0.082198
8472.275554	3.266818	158.789062	-11.132812
8472.277556	3.267331	158.789062	-11.132812
8472.279555	3.267253	158.789062	-11.132812
8472.281555	3.266777	158.789062	-11.132812
8472.283555	3.266616	35.932774	0.084802
8473.306571	3.265527	-1.269531	-409.765625
8473.308572	3.267305	-1.269531	-409.765625
8473.310573	3.267653	-1.269531	-409.765625
8473.312573	3.267568	-1.269531	-409.765625
8473.314571	3.267076	-1.269531	-409.765625
8473.316574	3.266865	35.935520	0.080613
8474.356689	3.266459	156.250000	-12.890625
8474.358690	3.267598	156.250000	-12.890625
8474.360694	3.267862	156.250000	-12.890625
8474.362694	3.267485	156.250000	-12.890625
8474.364693	3.267178	156.250000	-12.890625
8474.366693	3.267086	35.937950	0.088037
8475.388739	3.265975	-1.464844	-410.937500
8475.390742	3.267234	-1.464844	-410.937500
8475.392741	3.267565	-1.464844	-410.937500
8475.394740	3.267207	-1.464844	-410.937500
8475.396743	3.266910	-1.464844	-410.937500
8475.398743	3.266744	35.934181	0.080797
8476.442786	3.266268	157.812500	-13.476562
8476.444786	3.267242	157.812500	-13.476562
8476.446788	3.267354	157.812500	-13.476562
8476.448788	3.266971	157.812500	-13.476562
8476.450786	3.266681	35.933491	0.087090
8477.469340	3.267234	1.074219	-408.398437
8477.471343	3.267380	1.074219	-408.398437
8477.473342	3.266994	1.074219	-408.398437
8477.475343	3.266679	35.933472	0.082319
8478.525926	3.266770	155.273437	-13.964844
8478.529929	3.267533	155.273437	-13.964844
8478.531932	3.267050	155.273437	-13.964844
8478.533933	3.266826	35.935085	0.085897
8479.551981	3.263950	-3.027344	-412.695312
8479.555981	3.267309	-3.027344	-412.695312
8479.557983	3.267235	-3.027344	-412.695312
8479.559984	3.266791	-3.027344	-412.695312
8479.561985	3.266601	35.932613	0.082797
8480.608027	3.265328	157.812500	-13.281250
8480.610027	3.267380	157.812500	-13.281250
8480.612027	3.267864	157.812500	-13.281250
8480.614028	3.267780	157.812500	-13.281250
8480.616026	3.267194	157.812500	-13.281250
8480.620025	3.267093	35.938026	0.085455
8481.634577	3.264928	-4.882812	-412.695312
8481.636579	3.266953	-4.882812	-412.695312
8481.638578	3.267380	-4.882812	-412.695312
8481.640580	3.267313	-4.882812	-412.695312
8481.642579	3.266794	-4.882812	-412.695312
8481.644578	3.266679	35.933472	0.082422
8482.690590	3.265426	156.445312	-12.597656
8482.692591	3.267035	156.445312	-12.597656
8482.694588	3.267395	156.445312	-12.597656
8482.696590	3.267237	156.445312	-12.597656
8482.698590	3.266732	156.445312	-12.597656
8482.700589	3.266623	35.932854	0.084292
8483.718632	3.266168	-3.906250	-406.738281
8483.720633	3.267261	-3.906250	-406.738281
8483.722640	3.267516	-3.906250	-406.738281
8483.724637	3.267230	-3.906250	-406.738281
8483.726638	3.266755	-3.906250	-406.738281
8483.728639	3.266654	35.933189	0.082200
8484.772688	3.264016	156.835937	-11.914062
8484.774689	3.267217	156.835937	-11.914062
8484.776690	3.267814	156.835937	-11.914062
8484.778691	3.267887	156.835937	-11.914062
8484.780689	3.267327	156.835937	-11.914062
8484.782690	3.267125	35.938374	0.085080
8485.803238	3.266400	-5.175781	-404.687500
8485.805240	3.267270	-5.175781	-404.687500
8485.807240	3.267501	-5.175781	-404.687500
8485.809239	3.267027	-5.175781	-404.687500
8485.813238	3.266670	35.933376	0.081975
8486.855297	3.264619	157.421875	-11.621094
8486.857298	3.266961	157.421875	-11.621094
8486.859296	3.267438	157.421875	-11.621094
8486.861297	3.267348	157.421875	-11.621094
8486.863297	3.266823	157.421875	-11.621094
8486.865299	3.266668	35.933350	0.082558
8487.886206	3.265584	-0.781250	-397.363281
8487.888208	3.267463	-0.781250	-397.363281
8487.890208	3.267931	-0.781250	-397.363281
8487.894206	3.267778	-0.781250	-397.363281
8487.898207	3.267189	-0.781250	-397.363281
8487.900208	3.267146	35.938606	0.085308
8488.934710	3.263892	156.250000	-11.425781
8488.936712	3.267089	156.250000	-11.425781
8488.938711	3.267702	156.250000	-11.425781
8488.940713	3.267740	156.250000	-11.425781
8488.942713	3.267147	156.250000	-11.425781
8488.944712	3.267081	35.937885	0.086026
8489.972759	3.266463	-1.757812	-399.804687
8489.974763	3.267558	-1.757812	-399.804687
8489.976763	3.267802	-1.757812	-399.804687
8489.978762	3.267409	-1.757812	-399.804687
8489.980762	3.267027	35.937302	0.080421
8491.020877	3.266977	158.496094	-10.742187
8491.022880	3.267339	158.496094	-10.742187
8491.024878	3.267350	158.496094	-10.742187
8491.026878	3.266802	158.496094	-10.742187
8491.030877	3.266652	35.933170	0.085310
8492.055819	3.265978	4.785156	-392.480469
8492.057822	3.267302	4.785156	-392.480469
8492.059824	3.267607	4.785156	-392.480469
8492.061823	3.267361	4.785156	-392.480469
8492.063826	3.266884	4.785156	-392.480469
8492.065823	3.266813	35.934944	0.083376
8493.100775	3.264846	156.542969	-10.351562
8493.102777	3.266956	156.542969	-10.351562
8493.104777	3.267451	156.542969	-10.351562
8493.106777	3.267409	156.542969	-10.351562
8493.108777	3.266862	156.542969	-10.351562
8493.110778	3.266860	35.935467	0.084009
8494.140885	3.266738	6.250000	-391.406250
8494.142886	3.267210	6.250000	-391.406250
8494.144885	3.267230	6.250000	-391.406250
8494.146886	3.266700	6.250000	-391.406250
8494.148886	3.266526	35.931789	0.080530
8495.185816	3.267167	161.035156	-9.179687
8495.187819	3.267528	161.035156	-9.179687
8495.189818	3.267325	161.035156	-9.179687
8495.191819	3.266922	161.035156	-9.179687
8495.193819	3.266682	35.933498	0.082447
8496.225902	3.267213	6.152344	-392.187500
8496.227904	3.267119	6.152344	-392.187500
8496.229902	3.266689	6.152344	-392.187500
8496.231903	3.266476	35.931240	0.080489
8497.266505	3.266600	159.472656	-9.082031
8497.268507	3.266701	159.472656	-9.082031
8497.270507	3.267566	159.472656	-9.082031
8497.272506	3.267155	159.472656	-9.082031
8497.274506	3.266815	35.934971	0.084006
8498.304545	3.264629	2.441406	-396.484375
8498.306547	3.267221	2.441406	-396.484375
8498.308546	3.267716	2.441406	-396.484375
8498.310545	3.267732	2.441406	-396.484375
8498.312547	3.267272	2.441406	-396.484375
8498.314546	3.266993	35.936920	0.081755
8499.350597	3.266936	158.691406	-9.863281
8499.352598	3.267647	158.691406	-9.863281
8499.354600	3.267900	158.691406	-9.863281
8499.356598	3.267268	158.691406	-9.863281
8499.360598	3.266980	35.936779	0.153315
8500.388634	3.265926	6.054687	-391.601562
8500.390636	3.267314	6.054687	-391.601562
8500.392637	3.267528	6.054687	-391.601562
8500.394636	3.267268	6.054687	-391.601562
8500.396636	3.267176	6.054687	-391.601562
8500.398637	3.266776	35.934536	0.080998
8501.431169	3.263701	159.765625	-10.156250
8501.433171	3.263850	159.765625	-10.156250
8501.435172	3.267225	159.765625	-10.156250
8501.437173	3.267281	159.765625	-10.156250
8501.439172	3.266735	159.765625	-10.156250
8501.441177	3.266577	35.932346	0.086328
8502.471225	3.267012	4.394531	-393.261719
8502.473225	3.267810	4.394531	-393.261719
8502.475225	3.267875	4.394531	-393.261719
8502.477225	3.267387	4.394531	-393.261719
8502.479224	3.267093	35.938026	0.086830
8503.519750	3.267031	162.500000	-9.570312
8503.521750	3.267408	162.500000	-9.570312
8503.523751	3.267200	162.500000	-9.570312
8503.525751	3.266765	162.500000	-9.570312
8503.527751	3.266668	35.933350	0.085222
8504.556306	3.267419	2.539062	-394.433594
8504.558310	3.267594	2.539062	-394.433594
8504.560311	3.267195	2.539062	-394.433594
8504.562309	3.266878	35.935661	0.080364
8505.598353	3.263901	159.277344	-10.253906
8505.600356	3.266838	159.277344	-10.253906
8505.602355	3.267380	159.277344	-10.253906
8505.604355	3.267535	159.277344	-10.253906
8505.606353	3.266936	159.277344	-10.253906
8505.608353	3.266787	35.934654	0.085716
8506.636389	3.266065	2.734375	-393.164062
8506.638390	3.267155	2.734375	-393.164062
8506.640390	3.267260	2.734375	-393.164062
8506.642390	3.266960	2.734375	-393.164062
8506.644392	3.266601	35.932613	0.082180
8507.686449	3.267379	157.812500	-10.449219
8507.688453	3.267039	157.812500	-10.449219
8507.690456	3.266661	35.933266	0.081245
8508.726529	3.266915	6.445312	-388.085937
8508.728531	3.266624	35.932869	0.079539
8509.763452	3.263843	160.156250	-10.253906
8509.765454	3.266941	160.156250	-10.253906
8509.767454	3.267498	160.156250	-10.253906
8509.769454	3.267508	160.156250	-10.253906
8509.771455	3.267008	160.156250	-10.253906
8509.773456	3.266842	35.935265	0.084272
8510.805522	3.266790	6.445312	-387.402344
8510.807520	3.267276	6.445312	-387.402344
8510.809520	3.267245	6.445312	-387.402344
8510.811521	3.266817	6.445312	-387.402344
8510.813522	3.266612	35.932728	0.079296
8511.848157	3.267128	158.398437	-10.644531
8511.850156	3.267730	158.398437	-10.644531
8511.852157	3.267817	158.398437	-10.644531
8511.854157	3.267349	158.398437	-10.644531
8511.856159	3.267058	35.937637	0.082173
8512.888168	3.266876	1.855469	-391.308594
8512.890169	3.267442	1.855469	-391.308594
8512.892171	3.267475	1.855469	-391.308594
8512.894170	3.266983	1.855469	-391.308594
8512.896169	3.266807	35.934879	0.386574
