time (s)	coil I (A)	last det (V)	int current (uC)
4072.964292	3.266724	139.648437	41.406250
4072.966294	3.266836	139.648437	41.406250
4072.968297	3.266727	35.933998	0.234566
4073.988361	3.266291	64.160156	-339.941406
4073.992360	3.267219	64.160156	-339.941406
4073.994363	3.267233	64.160156	-339.941406
4073.996362	3.267200	35.939198	0.297362
4075.050390	3.265730	139.550781	41.503906
4075.052393	3.266894	139.550781	41.503906
4075.054397	3.266769	139.550781	41.503906
4075.056397	3.266659	35.933250	0.215613
4076.072462	3.265048	65.722656	-337.304687
4076.074465	3.267041	65.722656	-337.304687
4076.078463	3.266856	65.722656	-337.304687
4076.080467	3.266772	35.934494	0.279733
4077.136478	3.265619	139.941406	39.843750
4077.138480	3.267353	139.941406	39.843750
4077.140480	3.267258	139.941406	39.843750
4077.142479	3.267193	35.939117	0.221112
4078.156527	3.264571	67.871094	-335.058594
4078.160529	3.267178	67.871094	-335.058594
4078.162530	3.267075	67.871094	-335.058594
4078.164530	3.267036	35.937397	0.289607
4079.222549	3.266708	139.453125	39.355469
4079.224550	3.266758	139.453125	39.355469
4079.226550	3.266821	35.935032	0.225359
4080.242606	3.266535	64.550781	-341.699219
4080.244608	3.267416	64.550781	-341.699219
4080.246608	3.267205	64.550781	-341.699219
4080.248610	3.267172	35.938896	0.286648
4081.312645	3.266403	140.039062	38.867187
4081.314646	3.266794	140.039062	38.867187
4081.316646	3.266617	35.932781	0.211319
4082.320685	3.225923	78.027344	-322.070312
4082.322687	3.267068	78.027344	-322.070312
4082.324687	3.266994	35.936928	0.289918
4083.396726	3.266519	142.871094	41.601562
4083.398728	3.266898	142.871094	41.601562
4083.400730	3.266874	35.935608	0.226185
4084.401664	3.267065	70.800781	-331.152344
4084.403668	3.266936	35.936291	0.297235
4085.494238	3.266897	145.019531	38.378906
4085.496240	3.266757	35.934334	0.245434
4086.483230	3.265492	61.914062	-339.550781
4086.485232	3.266881	61.914062	-339.550781
4086.487233	3.266822	61.914062	-339.550781
4086.489233	3.266690	35.933586	0.287446
4087.577301	3.266933	149.707031	37.500000
4087.579304	3.266695	35.933640	0.233622
4088.566264	3.267085	66.992187	-326.269531
4088.568265	3.267064	66.992187	-326.269531
4088.570266	3.266965	35.936619	0.291112
4089.664804	3.265657	153.125000	32.421875
4089.666805	3.267110	153.125000	32.421875
4089.668807	3.266950	153.125000	32.421875
4089.670807	3.266940	35.936344	0.231749
4090.652825	3.267178	52.343750	-341.699219
4090.654828	3.266917	52.343750	-341.699219
4090.656827	3.266914	35.936054	0.273737
4091.746900	3.265473	156.738281	30.078125
4091.748901	3.267352	156.738281	30.078125
4091.750901	3.267099	156.738281	30.078125
4091.752902	3.267073	35.937809	0.247583
4092.738964	3.266788	51.855469	-340.136719
4092.740968	3.267051	51.855469	-340.136719
4092.742968	3.266963	35.936592	0.270407
4093.829044	3.266666	159.570312	29.882812
4093.831044	3.266931	159.570312	29.882812
4093.833046	3.266928	35.936211	0.248072
4094.829077	3.267025	49.316406	-343.750000
4094.833078	3.266974	49.316406	-343.750000
4094.835079	3.266954	35.936493	0.473138
4095.909137	3.267108	159.863281	26.757812
4095.911140	3.267198	159.863281	26.757812
4095.913139	3.267059	35.937649	0.263084
4096.913663	3.266090	55.273437	-338.769531
4096.915663	3.266860	55.273437	-338.769531
4096.917662	3.266708	35.933792	0.265133
4097.989732	3.265541	160.937500	28.613281
4097.991736	3.267373	160.937500	28.613281
4097.993735	3.267197	160.937500	28.613281
4097.995735	3.267187	35.939056	0.266654
4099.008265	3.266393	53.222656	-343.847656
4099.010267	3.266858	53.222656	-343.847656
4099.012267	3.266662	35.933285	0.262074
4100.074353	3.267084	159.765625	28.027344
4100.076354	3.266901	35.935909	0.256042
4101.092895	3.264713	57.324219	-339.160156
4101.094896	3.267318	57.324219	-339.160156
4101.096895	3.267163	57.324219	-339.160156
4101.098897	3.267124	35.938362	0.260513
4102.154994	3.266553	158.593750	26.074219
4102.156995	3.267049	158.593750	26.074219
4102.158997	3.266852	35.935368	0.263707
4103.185074	3.267230	60.351562	-336.425781
4103.187077	3.267005	60.351562	-336.425781
4103.189077	3.266993	35.936920	0.258483
4104.239637	3.264868	156.250000	24.609375
4104.241640	3.266751	156.250000	24.609375
4104.243639	3.266680	156.250000	24.609375
4104.245641	3.266601	35.932613	0.258384
4105.269674	3.265075	50.488281	-352.734375
4105.271678	3.267317	50.488281	-352.734375
4105.273677	3.267185	50.488281	-352.734375
4105.277677	3.267107	35.938179	0.266234
4106.321747	3.266887	158.203125	28.808594
4106.323750	3.266720	35.933914	0.255553
4107.350319	3.265500	60.839844	-338.085937
4107.352319	3.266949	60.839844	-338.085937
4107.354320	3.266682	60.839844	-338.085937
4107.356320	3.266658	35.933243	0.267701
4108.408875	3.266939	155.175781	25.976562
4108.410878	3.267154	155.175781	25.976562
4108.412879	3.267001	35.937008	0.315869
4109.444927	3.266930	62.304687	-337.109375
4109.446927	3.266815	35.934963	0.265189
4110.494950	3.267040	157.031250	29.492187
4110.496952	3.266919	157.031250	29.492187
4110.498951	3.266930	35.936230	0.256420
4111.527002	3.266563	52.148437	-353.613281
4111.529003	3.267276	52.148437	-353.613281
4111.531004	3.267134	35.938469	0.269676
4112.575004	3.265589	158.007812	25.585937
4112.577006	3.266932	158.007812	25.585937
4112.579006	3.266846	158.007812	25.585937
4112.581007	3.266783	35.934608	0.267549
4113.609052	3.266880	52.441406	-351.660156
4113.611053	3.266700	52.441406	-351.660156
4113.613053	3.266567	35.932240	0.266108
4114.665066	3.264729	157.031250	24.804687
4114.667068	3.267089	157.031250	24.804687
4114.669067	3.266995	157.031250	24.804687
4114.671067	3.266927	35.936195	0.257541
4115.699140	3.267163	48.535156	-358.300781
4115.701142	3.267228	48.535156	-358.300781
4115.703141	3.267168	35.938850	0.264508
4116.747219	3.263294	157.812500	23.828125
4116.749221	3.266809	157.812500	23.828125
4116.751219	3.266911	157.812500	23.828125
4116.753219	3.266760	35.934357	0.263913
4117.775748	3.265067	57.324219	-344.531250
4117.777750	3.266834	57.324219	-344.531250
4117.779751	3.266736	57.324219	-344.531250
4117.781750	3.266637	35.933002	0.270500
4118.835810	3.266559	161.035156	24.316406
4118.837812	3.266891	161.035156	24.316406
4118.839813	3.266744	35.934181	0.261964
4119.863837	3.267054	59.570312	-341.015625
4119.865839	3.267060	59.570312	-341.015625
4119.867839	3.266973	35.936699	0.270160
4120.922371	3.266090	161.718750	22.460937
4120.924370	3.267175	161.718750	22.460937
4120.926372	3.267002	161.718750	22.460937
4120.930370	3.266919	35.936111	0.261823
4121.948404	3.267019	59.960937	-340.136719
4121.950406	3.267023	59.960937	-340.136719
4121.952407	3.266939	35.936325	0.262207
4123.006444	3.263279	165.136719	24.707031
4123.008446	3.266629	165.136719	24.707031
4123.010446	3.266778	165.136719	24.707031
4123.012445	3.266653	35.933182	0.269103
4124.027029	3.266832	52.636719	-350.781250
4124.029031	3.267196	52.636719	-350.781250
4124.031031	3.267139	35.938534	0.264286
4125.099039	3.264938	165.234375	21.972656
4125.101043	3.266858	165.234375	21.972656
4125.103041	3.266677	165.234375	21.972656
4125.105042	3.266587	35.932453	0.267121
4126.109073	3.265654	55.468750	-345.117187
4126.111075	3.266895	55.468750	-345.117187
4126.113076	3.266716	55.468750	-345.117187
4126.115075	3.266721	35.933933	0.268087
4127.188004	3.266477	166.601562	23.730469
4127.190007	3.267150	166.601562	23.730469
4127.192006	3.267084	35.937923	0.259445
4128.192060	3.267323	44.433594	-363.476562
4128.194061	3.267050	44.433594	-363.476562
4128.196061	3.267048	35.937531	0.267503
4129.276580	3.266587	165.820312	23.339844
4129.278581	3.267223	165.820312	23.339844
4129.280580	3.267067	35.937737	0.262247
4130.272606	3.266752	57.714844	-342.871094
4130.274608	3.266749	57.714844	-342.871094
4130.276608	3.266683	35.933517	0.277258
4131.363218	3.265561	165.039062	25.195312
4131.365220	3.267349	165.039062	25.195312
4131.367218	3.267031	165.039062	25.195312
4131.369221	3.267058	35.937637	0.257764
4132.355308	3.267084	58.789062	-343.847656
4132.357310	3.266932	35.936256	0.283106
4133.451846	3.265990	162.011719	25.000000
4133.453847	3.267027	162.011719	25.000000
4133.455847	3.266791	162.011719	25.000000
4133.457848	3.266777	35.934544	0.250975
4134.439904	3.266559	57.128906	-350.683594
4134.441906	3.266818	57.128906	-350.683594
4134.443907	3.266593	35.932526	0.290558
4135.534476	3.263129	158.300781	24.609375
4135.536476	3.266786	158.300781	24.609375
4135.538477	3.266974	158.300781	24.609375
4135.540476	3.266894	35.935837	0.250549
4136.526976	3.266971	60.449219	-350.585937
4136.530977	3.266618	60.449219	-350.585937
4136.532979	3.266642	35.933067	0.296213
4137.619562	3.266783	156.542969	28.613281
4137.621563	3.266745	156.542969	28.613281
4137.623564	3.266668	35.933350	0.242429
4138.612124	3.263921	58.203125	-358.789062
4138.614125	3.266748	58.203125	-358.789062
4138.616124	3.266766	58.203125	-358.789062
4138.618125	3.266638	35.933022	0.297374
4139.704159	3.267160	154.492187	30.078125
4139.706162	3.267072	35.937798	0.234486
4140.702183	3.267002	59.082031	-361.132812
4140.704184	3.267187	59.082031	-361.132812
4140.706182	3.267159	35.938747	0.304434
4141.784235	3.267234	151.757812	27.832031
4141.786237	3.267114	35.938251	0.242262
4142.790284	3.265058	61.328125	-358.203125
4142.792286	3.266738	61.328125	-358.203125
4142.794285	3.266621	61.328125	-358.203125
4142.796284	3.266557	35.932125	0.296548
4143.866301	3.265814	150.292969	26.269531
4143.868303	3.267038	150.292969	26.269531
4143.870302	3.266823	150.292969	26.269531
4143.872303	3.266791	35.934704	0.235429
4144.876329	3.264920	63.964844	-353.222656
4144.878332	3.266931	63.964844	-353.222656
4144.882330	3.266699	63.964844	-353.222656
4144.884331	3.266578	35.932354	0.298903
4145.949260	3.265724	150.781250	26.953125
4145.951261	3.267136	150.781250	26.953125
4145.953262	3.266906	150.781250	26.953125
4145.955264	3.266890	35.935783	0.236809
4146.965322	3.267276	65.429687	-350.976562
4146.967323	3.267115	35.938267	0.293252
4148.033405	3.267054	151.269531	27.343750
4148.035405	3.267267	151.269531	27.343750
4148.037406	3.267234	35.939571	0.238484
4149.047435	3.264897	62.402344	-356.738281
4149.049435	3.267228	62.402344	-356.738281
4149.051435	3.267084	62.402344	-356.738281
4149.053436	3.267032	35.937355	0.300035
4150.117995	3.264532	152.636719	28.808594
4150.119997	3.266776	152.636719	28.808594
4150.121996	3.266683	152.636719	28.808594
4150.123998	3.266621	35.932835	0.240484
4151.132547	3.267242	54.199219	-370.605469
4151.134548	3.266958	54.199219	-370.605469
4151.136549	3.266976	35.936733	0.302385
4152.202583	3.265980	152.929687	28.027344
4152.204583	3.267310	152.929687	28.027344
4152.206584	3.267070	152.929687	28.027344
4152.208585	3.267048	35.937531	0.242503
4153.216635	3.266253	55.761719	-367.968750
4153.218637	3.266885	55.761719	-367.968750
4153.220637	3.266767	35.934441	0.294559
4154.290692	3.264204	153.613281	26.757812
4154.292693	3.266759	153.613281	26.757812
4154.294693	3.266780	153.613281	26.757812
4154.298692	3.266704	35.933739	0.242977
4155.298723	3.264831	54.882812	-370.507812
4155.300724	3.267036	54.882812	-370.507812
4155.302724	3.266910	54.882812	-370.507812
4155.304723	3.266914	35.936054	0.300791
4156.380749	3.266438	153.906250	23.535156
4156.382750	3.267025	153.906250	23.535156
4156.384751	3.266832	35.935158	0.239124
4157.382769	3.266930	55.664062	-367.773437
4157.384770	3.266731	55.664062	-367.773437
4157.386770	3.266653	35.933182	0.299827
4158.466820	3.266794	157.324219	24.121094
4158.468821	3.267014	157.324219	24.121094
4158.470820	3.266836	35.935200	0.261701
4159.462889	3.266722	52.539062	-369.726562
4159.464893	3.266778	52.539062	-369.726562
4159.466894	3.266648	35.933125	0.477482
4160.554961	3.266436	161.035156	23.925781
4160.556963	3.266955	161.035156	23.925781
4160.558963	3.266741	35.934155	0.245560
4161.547041	3.265632	47.558594	-374.511719
4161.551040	3.266841	47.558594	-374.511719
4161.553044	3.266849	47.558594	-374.511719
4161.555043	3.266858	35.935440	0.291823
4162.643132	3.266787	163.574219	20.898437
4162.645133	3.266625	163.574219	20.898437
4162.647135	3.266647	35.933117	0.431889
4163.629176	3.265748	51.562500	-362.988281
4163.631177	3.267050	51.562500	-362.988281
4163.633177	3.266862	51.562500	-362.988281
4163.635178	3.266815	35.934971	0.292124
4164.725228	3.265867	166.601562	18.457031
4164.727230	3.266860	166.601562	18.457031
4164.729231	3.266770	166.601562	18.457031
4164.731230	3.266736	35.934093	0.261126
4165.715313	3.265420	48.339844	-365.234375
4165.717317	3.267244	48.339844	-365.234375
4165.719314	3.267073	48.339844	-365.234375
4165.721315	3.267029	35.937321	0.285288
4166.809381	3.266579	169.238281	16.992187
4166.811382	3.266981	169.238281	16.992187
4166.813382	3.266880	35.935680	0.265695
4167.803471	3.265500	48.339844	-364.257812
4167.807471	3.266649	48.339844	-364.257812
4167.809475	3.266693	48.339844	-364.257812
4167.811473	3.266629	35.932915	0.277091
4168.893511	3.267183	173.242187	19.238281
4168.895514	3.267017	173.242187	19.238281
4168.897513	3.266990	35.936893	0.269530
4169.890432	3.265906	44.140625	-372.070312
4169.894431	3.266905	44.140625	-372.070312
4169.896432	3.266883	44.140625	-372.070312
4169.900432	3.266901	35.935909	0.276252
4170.972432	3.265954	173.535156	17.089844
4170.974434	3.267000	173.535156	17.089844
4170.976435	3.266848	173.535156	17.089844
4170.978435	3.266830	35.935131	0.277336
4171.978981	3.265993	49.218750	-364.746094
4171.980983	3.267139	49.218750	-364.746094
4171.984981	3.266949	49.218750	-364.746094
4171.986983	3.266959	35.936550	0.276219
4173.055594	3.267071	173.828125	15.820312
4173.057597	3.267183	173.828125	15.820312
4173.059598	3.267218	35.939404	0.277809
4174.070131	3.266955	42.871094	-377.734375
4174.072132	3.267008	42.871094	-377.734375
4174.074133	3.266895	35.935848	0.535707
4175.140196	3.266979	173.339844	14.941406
4175.142199	3.266750	35.934254	0.273733
4176.156780	3.266599	45.605469	-374.414062
4176.158781	3.267195	45.605469	-374.414062
4176.160780	3.267136	35.938496	0.265119
4177.220794	3.265229	172.460937	13.964844
4177.222797	3.266841	172.460937	13.964844
4177.224796	3.266697	172.460937	13.964844
4177.226797	3.266700	35.933697	0.273985
4178.246886	3.266733	50.195312	-367.773437
4178.248887	3.266707	35.933781	0.332206
4179.301443	3.264562	173.339844	15.234375
4179.303446	3.266995	173.339844	15.234375
4179.307442	3.266837	173.339844	15.234375
4179.309445	3.266865	35.935509	0.279186
4180.329960	3.266637	50.195312	-368.164062
4180.331961	3.266681	50.195312	-368.164062
4180.335960	3.266504	35.931541	0.446749
4181.388498	3.267089	172.265625	14.355469
4181.390499	3.267092	172.265625	14.355469
4181.392500	3.267064	35.937698	0.607152
4182.413008	3.263652	50.878906	-367.871094
4182.415010	3.267087	50.878906	-367.871094
4182.417011	3.267225	50.878906	-367.871094
4182.419011	3.267147	35.938622	0.273039
4183.471522	3.265770	171.972656	13.671875
4183.473524	3.266968	171.972656	13.671875
4183.477524	3.266659	171.972656	13.671875
4183.479524	3.266620	35.932816	0.277560
4184.499542	3.265021	48.535156	-372.070312
4184.501544	3.266833	48.535156	-372.070312
4184.503544	3.266865	48.535156	-372.070312
4184.505543	3.266661	35.933266	0.270482
4185.557641	3.267000	172.460937	13.671875
4185.559645	3.267065	172.460937	13.671875
4185.561649	3.266983	35.936813	0.383969
4186.583757	3.265119	47.070312	-375.097656
4186.585760	3.267239	47.070312	-375.097656
4186.587758	3.267110	47.070312	-375.097656
4186.589758	3.266948	35.936432	0.269095
4187.643817	3.266672	172.167969	12.402344
4187.645819	3.266788	172.167969	12.402344
4187.647820	3.266627	35.932899	0.280584
4188.667878	3.266188	46.289062	-376.855469
4188.669881	3.267001	46.289062	-376.855469
4188.671880	3.266784	46.289062	-376.855469
4188.673880	3.266783	35.934608	0.271778
4189.729950	3.266209	173.046875	11.816406
4189.731953	3.266280	173.046875	11.816406
4189.735950	3.266497	35.931469	0.274566
4190.751964	3.265510	45.117187	-378.515625
4190.753965	3.267076	45.117187	-378.515625
4190.755965	3.266819	45.117187	-378.515625
4190.759962	3.266767	35.934441	0.271715
4191.814001	3.266567	176.367187	13.574219
4191.816005	3.267176	176.367187	13.574219
4191.818003	3.267046	35.937508	0.283295
4192.836574	3.267040	43.554687	-381.347656
4192.838576	3.267001	43.554687	-381.347656
4192.840577	3.266910	35.936008	0.272750
4193.900612	3.265246	176.562500	12.695312
4193.902614	3.267120	176.562500	12.695312
4193.904615	3.266906	176.562500	12.695312
4193.906616	3.266936	35.936291	0.278382
4194.918698	3.266700	40.722656	-385.742187
4194.920700	3.267026	40.722656	-385.742187
4194.922700	3.266906	35.935963	0.273653
4195.990690	3.267023	178.613281	13.671875
4195.992692	3.266790	178.613281	13.671875
4195.994692	3.266767	35.934441	0.280259
4196.999693	3.265227	48.828125	-371.777344
4197.001695	3.267210	48.828125	-371.777344
4197.003695	3.266957	48.828125	-371.777344
4197.005696	3.266911	35.936016	0.273497
4198.078269	3.267197	177.441406	12.109375
4198.080272	3.267124	177.441406	12.109375
4198.082270	3.266972	35.936691	0.275915
4199.084315	3.266928	45.312500	-376.855469
4199.086318	3.266969	45.312500	-376.855469
4199.088317	3.266873	35.935600	0.274542
4200.164342	3.266537	177.441406	12.402344
4200.166344	3.266853	177.441406	12.402344
4200.168343	3.266844	35.935280	0.272910
4201.166353	3.266377	45.605469	-376.660156
4201.168353	3.266854	45.605469	-376.660156
4201.170352	3.266689	35.933578	0.274354
4202.252394	3.267150	178.320312	14.843750
4202.254396	3.267211	178.320312	14.843750
4202.256397	3.267151	35.938663	0.274032
4203.248971	3.266181	43.652344	-379.980469
4203.250975	3.266832	43.652344	-379.980469
4203.252972	3.266659	35.933250	0.279177
4204.337118	3.266713	176.757812	15.039062
4204.339119	3.266940	176.757812	15.039062
4204.341119	3.266768	35.934448	0.279966
4205.333710	3.266822	48.632812	-373.339844
4205.335712	3.266694	48.632812	-373.339844
4205.337711	3.266687	35.933552	0.287237
4206.424288	3.267159	174.414062	15.722656
4206.426289	3.267059	174.414062	15.722656
4206.428290	3.267024	35.937263	0.271024
4207.418842	3.266841	44.628906	-385.742187
4207.420845	3.266644	44.628906	-385.742187
4207.422846	3.266554	35.932091	0.291573
4208.510924	3.266795	170.117187	14.062500
4208.512925	3.267061	170.117187	14.062500
4208.516926	3.266932	35.936249	0.261103
4209.502969	3.265784	54.101562	-372.558594
4209.504971	3.267304	54.101562	-372.558594
4209.506972	3.267134	54.101562	-372.558594
4209.508972	3.267105	35.938152	0.293970
4210.595549	3.267335	168.359375	14.941406
4210.597552	3.267042	168.359375	14.941406
4210.601549	3.267106	35.938168	0.256533
4211.593614	3.266897	55.273437	-374.023437
4211.595615	3.266641	55.273437	-374.023437
4211.597617	3.266658	35.933235	0.289775
4212.678187	3.267166	167.968750	17.675781
4212.680190	3.266923	35.936150	0.253766
4213.678781	3.266958	53.320312	-379.003906
4213.680782	3.266880	53.320312	-379.003906
4213.682783	3.266836	35.935200	0.295659
4214.761359	3.267060	165.332031	16.113281
4214.763359	3.267268	165.332031	16.113281
4214.765361	3.267058	35.937637	0.370939
4215.763435	3.266260	55.859375	-375.781250
4215.767436	3.266846	55.859375	-375.781250
4215.769437	3.266889	55.859375	-375.781250
4215.771436	3.266867	35.935539	0.297642
4216.843966	3.267064	166.210937	18.554687
4216.845968	3.267184	166.210937	18.554687
4216.847967	3.267053	35.937584	0.402593
4217.849996	3.265529	57.031250	-373.632812
4217.851996	3.267121	57.031250	-373.632812
4217.853996	3.267113	57.031250	-373.632812
4217.855997	3.266995	35.936947	0.302199
4218.926535	3.263918	164.648437	16.601562
4218.928536	3.266728	164.648437	16.601562
4218.930537	3.266683	164.648437	16.601562
4218.934534	3.266639	35.933029	0.251254
4219.936622	3.267184	56.250000	-375.488281
4219.938622	3.266894	56.250000	-375.488281
4219.940622	3.266923	35.936150	0.300373
4221.009195	3.264627	164.453125	16.406250
4221.011196	3.267134	164.453125	16.406250
4221.013196	3.267078	164.453125	16.406250
4221.015197	3.266992	35.936909	0.256415
4222.021199	3.266734	55.761719	-375.976562
4222.023200	3.266871	55.761719	-375.976562
4222.025199	3.266687	35.933552	0.371731
4223.097759	3.266581	165.625000	16.699219
4223.099759	3.266881	165.625000	16.699219
4223.101758	3.266703	35.933731	0.250314
4224.103817	3.265922	54.394531	-378.906250
4224.105820	3.267231	54.394531	-378.906250
4224.107820	3.267045	54.394531	-378.906250
4224.109820	3.266968	35.936646	0.303811
4225.183872	3.266596	167.871094	18.261719
4225.185873	3.266915	167.871094	18.261719
4225.187873	3.266748	35.934223	0.254392
4226.189866	3.267056	54.589844	-378.417969
4226.191866	3.266973	54.589844	-378.417969
4226.193868	3.266905	35.935951	0.301225
4227.267952	3.265008	167.773437	15.722656
4227.269956	3.266834	167.773437	15.722656
4227.271955	3.266810	167.773437	15.722656
4227.273956	3.266549	35.932037	0.256073
4228.271968	3.265158	52.734375	-381.347656
4228.273974	3.266964	52.734375	-381.347656
4228.275973	3.266725	52.734375	-381.347656
4228.277973	3.266648	35.933125	0.298300
4229.358016	3.267014	170.019531	14.941406
4229.360018	3.267043	170.019531	14.941406
4229.362018	3.266926	35.936184	0.252193
4230.354576	3.265177	48.632812	-386.425781
4230.356576	3.266894	48.632812	-386.425781
4230.358575	3.266687	48.632812	-386.425781
4230.360576	3.266586	35.932446	0.299666
4231.448663	3.266860	172.460937	13.867187
4231.450666	3.266861	35.935474	0.248341
4232.439621	3.265512	50.976562	-380.468750
4232.441623	3.266786	50.976562	-380.468750
4232.443622	3.266723	50.976562	-380.468750
4232.445622	3.266620	35.932816	0.297115
4233.528141	3.264540	173.144531	10.742187
4233.530143	3.266927	173.144531	10.742187
4233.532144	3.266823	173.144531	10.742187
4233.534146	3.266754	35.934296	0.265413
4234.526169	3.267060	39.746094	-398.730469
4234.528173	3.266924	35.936165	0.318094
4235.614206	3.267199	178.125000	11.718750
4235.616208	3.267200	178.125000	11.718750
4235.618207	3.267174	35.938915	0.461350
4236.606752	3.265177	46.093750	-384.863281
4236.608751	3.267115	46.093750	-384.863281
4236.610752	3.266958	46.093750	-384.863281
4236.612752	3.266929	35.936222	0.289413
4237.698818	3.265422	181.835937	11.328125
4237.700819	3.266968	181.835937	11.328125
4237.702818	3.266718	181.835937	11.328125
4237.704819	3.266692	35.933613	0.273830
4238.691804	3.154179	46.386719	-382.617187
4238.693807	3.266774	46.386719	-382.617187
4238.695806	3.266700	35.933697	0.286399
4239.784381	3.266910	183.691406	9.863281
4239.786382	3.266880	183.691406	9.863281
4239.788383	3.266842	35.935265	0.278828
4240.778907	3.262961	41.503906	-391.894531
4240.780909	3.266609	41.503906	-391.894531
4240.782908	3.266768	41.503906	-391.894531
4240.784910	3.266701	35.933712	0.282986
4241.866932	3.266839	186.132812	9.765625
4241.868935	3.266718	186.132812	9.765625
4241.870935	3.266654	35.933197	0.276079
4242.865862	3.265933	42.382812	-391.015625
4242.867864	3.267155	42.382812	-391.015625
4242.869864	3.266871	42.382812	-391.015625
4242.871864	3.266877	35.935650	0.278710
4243.945958	3.265007	186.816406	8.398437
4243.947959	3.267126	186.816406	8.398437
4243.949961	3.266905	186.816406	8.398437
4243.951960	3.266877	35.935650	0.287531
4244.954505	3.265598	45.117187	-387.207031
4244.956507	3.266875	45.117187	-387.207031
4244.958507	3.266643	45.117187	-387.207031
4244.960506	3.266589	35.932480	0.277444
4246.031016	3.266695	184.765625	5.859375
4246.033018	3.266812	184.765625	5.859375
4246.035018	3.266684	35.933525	0.412491
4247.039070	3.265519	45.117187	-388.574219
4247.041073	3.265690	45.117187	-388.574219
4247.043073	3.267171	45.117187	-388.574219
4247.045073	3.267091	35.938000	0.278105
4248.115126	3.267183	187.988281	7.324219
4248.117129	3.267128	35.938408	0.622882
4249.128110	3.264391	47.363281	-385.742187
4249.130117	3.267211	47.363281	-385.742187
4249.132120	3.267172	47.363281	-385.742187
4249.134120	3.267047	35.937523	0.275467
4250.196149	3.266850	187.207031	6.250000
4250.198152	3.266911	187.207031	6.250000
4250.200151	3.266756	35.934315	0.427115
4251.214706	3.266628	42.187500	-395.703125
4251.216708	3.266700	42.187500	-395.703125
4251.218708	3.266636	35.932995	0.372074
4252.280759	3.266981	186.914062	5.664062
4252.282762	3.266919	35.936111	0.294189
4253.299356	3.265208	41.308594	-397.851562
4253.301357	3.266883	41.308594	-397.851562
4253.303357	3.266721	41.308594	-397.851562
4253.305357	3.266640	35.933041	0.275061
4254.363435	3.266289	186.718750	4.882812
4254.365435	3.267350	186.718750	4.882812
4254.367437	3.267201	186.718750	4.882812
4254.369434	3.267159	35.938755	0.283641
4255.385457	3.266525	41.406250	-398.535156
4255.387465	3.266951	41.406250	-398.535156
4255.389465	3.266775	35.934525	0.272913
4256.449520	3.266458	183.984375	3.222656
4256.451523	3.266872	183.984375	3.222656
4256.453522	3.266697	35.933670	0.284400
4257.471509	3.265173	48.828125	-384.570312
4257.473511	3.267189	48.828125	-384.570312
4257.475511	3.266951	48.828125	-384.570312
4257.477510	3.266936	35.936298	0.268570
4258.533514	3.266932	185.351562	3.417969
4258.535516	3.266691	185.351562	3.417969
4258.537517	3.266662	35.933285	0.286261
4259.555553	3.266493	37.695312	-405.273437
4259.557555	3.267014	37.695312	-405.273437
4259.559555	3.266905	35.935951	0.275812
4260.619614	3.263793	186.816406	3.906250
4260.623616	3.266939	186.816406	3.906250
4260.625617	3.266845	186.816406	3.906250
4260.627617	3.266895	35.935848	0.280267
4261.641672	3.266727	37.890625	-404.980469
4261.643674	3.267044	37.890625	-404.980469
4261.645675	3.266867	35.935539	0.265993
4262.705755	3.266691	189.843750	5.078125
4262.707759	3.266687	189.843750	5.078125
4262.709758	3.266540	35.931942	0.284547
4263.724374	3.264503	38.964844	-402.246094
4263.726375	3.266906	38.964844	-402.246094
4263.728375	3.266704	38.964844	-402.246094
4263.730377	3.266701	35.933712	0.269821
4264.794397	3.266994	190.820312	5.273437
4264.796399	3.266938	35.936317	0.287387
4265.808431	3.266450	36.816406	-406.347656
4265.810431	3.266893	36.816406	-406.347656
4265.812432	3.266658	35.933235	0.266989
4266.878523	3.266804	191.406250	5.273437
4266.880524	3.267032	191.406250	5.273437
4266.882525	3.266915	35.936069	0.339201
4267.890532	3.265520	47.363281	-386.230469
4267.892535	3.266861	47.363281	-386.230469
4267.894537	3.266770	47.363281	-386.230469
4267.896535	3.266690	35.933594	0.275395
4268.964526	3.264403	188.476562	3.710937
4268.966528	3.267290	188.476562	3.710937
4268.968533	3.267237	188.476562	3.710937
4268.970532	3.267082	35.937904	0.286354
4269.974599	3.266788	48.046875	-384.179687
4269.976599	3.266926	48.046875	-384.179687
4269.978601	3.266832	35.935158	0.273100
4271.052598	3.265831	190.136719	4.882812
4271.054598	3.266787	190.136719	4.882812
4271.056598	3.266665	190.136719	4.882812
4271.058599	3.266657	35.933228	0.277573
4272.054621	3.264118	39.160156	-400.097656
4272.056623	3.267146	39.160156	-400.097656
4272.058623	3.267226	39.160156	-400.097656
4272.060624	3.267202	35.939224	0.278758
4273.138670	3.266166	189.941406	5.664062
4273.140672	3.266156	189.941406	5.664062
4273.142673	3.266683	189.941406	5.664062
4273.144672	3.266713	35.933846	0.277221
4274.141222	3.266991	38.378906	-401.171875
4274.143225	3.266728	38.378906	-401.171875
4274.145224	3.266657	35.933228	0.276716
4275.225283	3.266478	187.792969	5.078125
4275.227280	3.267282	187.792969	5.078125
4275.229280	3.267127	187.792969	5.078125
4275.233279	3.267035	35.937389	0.276746
4276.225297	3.266887	37.597656	-402.636719
4276.227302	3.266676	35.933437	0.342826
4277.309374	3.263992	186.914062	5.859375
4277.311377	3.266716	186.914062	5.859375
4277.313376	3.266665	186.914062	5.859375
4277.315378	3.266629	35.932915	0.277821
4278.307952	3.267122	50.000000	-380.175781
4278.309954	3.267208	50.000000	-380.175781
4278.311954	3.267169	35.938862	0.386326
4279.395973	3.266314	183.789062	5.761719
4279.397975	3.267271	183.789062	5.761719
4279.399976	3.267133	183.789062	5.761719
4279.403975	3.267071	35.937778	0.269776
4280.392016	1.990904	48.730469	-384.179687
4280.394019	3.266900	48.730469	-384.179687
4280.396030	3.266915	48.730469	-384.179687
4280.398034	3.266850	35.935352	0.293700
4281.482060	3.266235	180.468750	5.078125
4281.484059	3.266865	180.468750	5.078125
4281.486061	3.266688	35.933571	0.261268
4282.478075	3.266546	49.316406	-384.667969
4282.480077	3.266712	49.316406	-384.667969
4282.482075	3.266563	35.932198	0.293315
4283.564625	3.266106	182.324219	8.203125
4283.566627	3.267024	182.324219	8.203125
4283.568626	3.266819	182.324219	8.203125
4283.570627	3.266827	35.935097	0.262526
4284.566644	3.267061	44.531250	-394.140625
4284.568648	3.266940	44.531250	-394.140625
4284.570647	3.266840	35.935246	0.286444
4285.646662	3.264910	180.664062	8.203125
4285.648665	3.267389	180.664062	8.203125
4285.650664	3.267232	180.664062	8.203125
4285.652668	3.267223	35.939453	0.266315
4286.649195	3.265742	49.609375	-384.765625
4286.651196	3.267041	49.609375	-384.765625
4286.653197	3.266958	49.609375	-384.765625
4286.655198	3.266815	35.934971	0.298965
4287.733753	3.266271	176.660156	6.347656
4287.737756	3.266821	176.660156	6.347656
4287.739757	3.266948	35.936424	0.262003
4288.737807	3.267180	40.039062	-403.710937
4288.739810	3.267206	40.039062	-403.710937
4288.743806	3.267151	35.938656	0.292108
4289.817934	3.265915	176.660156	6.640625
4289.819937	3.266971	176.660156	6.640625
4289.821937	3.266741	176.660156	6.640625
4289.823938	3.266709	35.933800	0.256521
4290.821971	3.266490	51.757812	-380.957031
4290.823974	3.266858	51.757812	-380.957031
4290.825973	3.266686	35.933544	0.294624
4291.902927	3.266819	176.757812	6.640625
4291.904928	3.266932	176.757812	6.640625
4291.906930	3.266767	35.934441	0.410593
4292.908994	3.267247	52.148437	-380.078125
4292.910992	3.267226	35.939480	0.292751
4293.987962	3.266718	178.710937	7.226562
4293.989965	3.266730	178.710937	7.226562
4293.993964	3.266651	35.933163	0.258930
4294.990015	3.264951	49.804687	-384.375000
4294.992017	3.267124	49.804687	-384.375000
4294.994016	3.267055	49.804687	-384.375000
4294.996017	3.266916	35.936081	0.296494
4296.070622	3.265460	179.394531	7.128906
4296.072622	3.265491	179.394531	7.128906
4296.074621	3.266791	179.394531	7.128906
4296.076623	3.266757	35.934334	0.260948
4297.076647	3.265453	39.941406	-403.320312
4297.078649	3.267254	39.941406	-403.320312
4297.080649	3.267016	39.941406	-403.320312
4297.082650	3.266948	35.936432	0.290299
4298.156692	3.264556	180.273437	6.445312
4298.158691	3.266894	180.273437	6.445312
4298.162690	3.266644	180.273437	6.445312
4298.164692	3.266632	35.932949	0.260182
4299.158717	3.264870	43.066406	-395.703125
4299.160719	3.267089	43.066406	-395.703125
4299.162718	3.266979	43.066406	-395.703125
4299.164718	3.266926	35.936184	0.293020
4300.242776	3.263932	181.542969	4.394531
4300.244776	3.267089	181.542969	4.394531
4300.246777	3.267051	181.542969	4.394531
4300.248778	3.266998	35.936981	0.264626
4301.244780	3.265354	40.722656	-401.074219
4301.246781	3.267117	40.722656	-401.074219
4301.248780	3.266985	40.722656	-401.074219
4301.250781	3.266832	35.935158	0.285835
4302.328841	3.265470	185.351562	5.371094
4302.330844	3.266923	185.351562	5.371094
4302.334842	3.266710	185.351562	5.371094
4302.336841	3.266670	35.933376	0.263289
4303.327418	3.265121	39.355469	-403.906250
4303.329422	3.267265	39.355469	-403.906250
4303.331425	3.267202	39.355469	-403.906250
4303.333422	3.267118	35.938293	0.291402
4304.415473	3.267378	188.183594	5.078125
4304.417474	3.267127	188.183594	5.078125
4304.419476	3.267159	35.938747	0.270615
4305.412008	3.266509	40.332031	-400.976562
4305.416010	3.266616	40.332031	-400.976562
4305.418010	3.266659	35.933250	0.285578
4306.500077	3.264665	189.550781	3.125000
4306.502079	3.267259	189.550781	3.125000
4306.504080	3.267211	189.550781	3.125000
4306.506079	3.267110	35.938213	0.271194
4307.496153	3.266699	43.847656	-393.945312
4307.498152	3.266797	43.847656	-393.945312
4307.500153	3.266646	35.933109	0.438258
4308.584707	3.266433	191.601562	2.441406
4308.586708	3.266945	191.601562	2.441406
4308.588707	3.266801	35.934811	0.272679
4309.584779	3.267130	34.863281	-410.351562
4309.586781	3.267052	35.937576	0.280624
4310.668859	3.265928	193.164062	0.878906
4310.670860	3.267387	193.164062	0.878906
4310.672860	3.267242	193.164062	0.878906
4310.674860	3.267116	35.938278	0.275981
4311.666926	3.263478	33.593750	-412.304687
4311.668929	3.266987	33.593750	-412.304687
4311.670929	3.267016	33.593750	-412.304687
4311.672929	3.266864	35.935501	0.283912
4312.751408	3.266132	197.558594	1.660156
4312.753410	3.267240	197.558594	1.660156
4312.755411	3.267043	197.558594	1.660156
4312.757409	3.266982	35.936806	0.286657
4313.753911	3.265244	41.015625	-398.828125
4313.755918	3.267180	41.015625	-398.828125
4313.759915	3.266981	41.015625	-398.828125
4313.761917	3.266903	35.935936	0.273166
4314.834466	3.266392	197.070312	0.292969
4314.836469	3.267106	197.070312	0.292969
4314.838467	3.266925	35.936176	0.281499
4315.842526	3.267255	34.277344	-412.695312
4315.846530	3.267038	34.277344	-412.695312
4315.848531	3.267027	35.937294	0.271872
4316.918571	3.265933	200.781250	0.683594
4316.920570	3.266949	200.781250	0.683594
4316.922571	3.266790	200.781250	0.683594
4316.924570	3.266773	35.934502	0.283852
4317.929534	3.267151	39.648437	-403.808594
4317.931536	3.266976	35.936733	0.270104
4319.002100	3.265265	196.875000	-1.855469
4319.004102	3.266837	196.875000	-1.855469
4319.006102	3.266707	196.875000	-1.855469
4319.008102	3.266634	35.932976	0.283443
4320.014178	3.266438	41.308594	-401.953125
4320.016180	3.266825	41.308594	-401.953125
4320.018179	3.266677	35.933445	0.274447
4321.086832	3.267131	201.074219	-0.878906
4321.088833	3.267031	201.074219	-0.878906
4321.090836	3.266932	35.936256	0.280438
4322.101403	3.265649	33.886719	-416.406250
4322.103405	3.266875	33.886719	-416.406250
4322.105407	3.266672	33.886719	-416.406250
4322.107405	3.266628	35.932907	0.268896
4323.169463	3.266952	200.195312	-1.562500
4323.171464	3.267044	200.195312	-1.562500
4323.173464	3.266975	35.936726	0.426998
4324.186023	3.263974	36.328125	-411.523437
4324.188026	3.266803	36.328125	-411.523437
4324.192023	3.266769	36.328125	-411.523437
4324.194024	3.266786	35.934643	0.268630
4325.252119	3.267259	201.269531	-1.660156
4325.254119	3.267272	201.269531	-1.660156
4325.258120	3.267113	35.938240	0.657433
4326.273079	3.266556	34.863281	-414.355469
4326.275082	3.266801	34.863281	-414.355469
4326.277082	3.266675	35.933418	0.323550
4327.337112	3.264573	197.753906	-3.613281
4327.339113	3.266714	197.753906	-3.613281
4327.341115	3.266627	197.753906	-3.613281
4327.343114	3.266612	35.932728	0.282535
4328.357175	3.266478	34.960937	-414.355469
4328.359176	3.266866	34.960937	-414.355469
4328.361175	3.266754	35.934296	0.267444
4329.421225	3.265360	199.218750	-3.515625
4329.423228	3.266890	199.218750	-3.515625
4329.425227	3.266778	199.218750	-3.515625
4329.427227	3.266709	35.933800	0.284684
4330.443279	3.266725	31.542969	-420.214844
4330.445280	3.266874	31.542969	-420.214844
4330.447282	3.266838	35.935219	0.291361
4331.509302	3.075527	196.679687	-4.492187
4331.513301	3.266761	196.679687	-4.492187
4331.515303	3.266754	35.934296	0.339121
4332.527308	3.267010	32.617187	-418.847656
4332.529311	3.266888	32.617187	-418.847656
4332.531311	3.266910	35.936008	0.266736
4333.593351	3.266352	202.539062	-2.636719
4333.595351	3.266886	202.539062	-2.636719
4333.597353	3.266845	35.935299	0.287591
4334.609892	3.266794	34.570312	-414.550781
4334.611894	3.266853	34.570312	-414.550781
4334.613894	3.266778	35.934551	0.272273
4335.681975	3.266945	202.246094	-2.636719
4335.683975	3.267017	35.937187	0.290688
4336.694544	3.267088	42.871094	-397.753906
4336.696544	3.266919	42.871094	-397.753906
4336.698545	3.266772	35.934494	0.268419
4337.765079	3.265821	200.781250	-3.417969
4337.769081	3.266796	200.781250	-3.417969
4337.773079	3.266750	200.781250	-3.417969
4337.775080	3.266820	35.935024	0.281745
4338.777125	3.266567	36.621094	-409.277344
4338.779125	3.266836	36.621094	-409.277344
4338.781123	3.266794	35.934731	0.320799
4339.851163	3.264248	199.316406	-3.710937
4339.853165	3.267197	199.316406	-3.710937
4339.855165	3.267168	199.316406	-3.710937
4339.857164	3.267050	35.937550	0.287204
4340.859608	3.266773	35.937500	-409.570312
4340.861612	3.267310	35.937500	-409.570312
4340.863610	3.267099	35.938091	0.271155
4341.937672	3.265625	199.511719	-3.417969
4341.939672	3.267061	199.511719	-3.417969
4341.943673	3.266859	199.511719	-3.417969
4341.945673	3.266832	35.935146	0.282360
4342.943683	3.265558	41.796875	-396.777344
4342.945685	3.267174	41.796875	-396.777344
4342.947683	3.266946	41.796875	-396.777344
4342.949685	3.266985	35.936840	0.274924
4344.024644	3.265725	201.660156	-1.953125
4344.026649	3.267044	201.660156	-1.953125
4344.028648	3.266956	201.660156	-1.953125
4344.030646	3.266919	35.936104	0.280674
4345.026694	3.265120	34.277344	-409.960937
4345.028696	3.267303	34.277344	-409.960937
4345.030696	3.267269	34.277344	-409.960937
4345.032696	3.267240	35.939640	0.273300
4346.110775	3.265893	200.195312	-1.855469
4346.112778	3.266918	200.195312	-1.855469
4346.114777	3.266664	200.195312	-1.855469
4346.116776	3.266649	35.933136	0.274576
4347.110814	3.264013	35.546875	-406.835937
4347.112816	3.266927	35.546875	-406.835937
4347.114815	3.266849	35.546875	-406.835937
4347.116815	3.266815	35.934963	0.272478
4348.196866	3.266231	199.902344	-0.976562
4348.198863	3.266275	199.902344	-0.976562
4348.202861	3.266775	35.934525	0.273527
4349.195399	3.266450	35.351562	-406.738281
4349.197398	3.266983	35.351562	-406.738281
4349.199398	3.266907	35.935978	0.275273
4350.281451	3.264817	195.898437	-1.855469
4350.283452	3.266899	195.898437	-1.855469
4350.285451	3.266773	195.898437	-1.855469
4350.287453	3.266744	35.934181	0.274181
4351.279439	3.266886	40.917969	-395.214844
4351.281438	3.267206	40.917969	-395.214844
4351.283439	3.266989	35.936874	0.280836
4352.369489	3.266985	192.480469	-2.539062
4352.371491	3.266860	192.480469	-2.539062
4352.373492	3.266687	35.933563	0.265990
4353.365522	3.266608	40.039062	-396.582031
4353.367523	3.267298	40.039062	-396.582031
4353.369523	3.267124	35.938362	0.279948
4354.453623	3.267329	195.019531	-0.097656
4354.455626	3.267238	195.019531	-0.097656
4354.457625	3.267155	35.938709	0.264969
4355.450145	3.263864	36.914062	-403.222656
4355.452147	3.267072	36.914062	-403.222656
4355.454146	3.267175	36.914062	-403.222656
4355.456146	3.267002	35.937019	0.289878
4356.534179	3.265560	192.675781	-0.195312
4356.536180	3.267317	192.675781	-0.195312
4356.538181	3.267080	192.675781	-0.195312
4356.540181	3.267043	35.937469	0.269059
4357.536241	3.265882	46.386719	-384.375000
4357.538245	3.267364	46.386719	-384.375000
4357.540243	3.267221	46.386719	-384.375000
4357.542243	3.267196	35.939152	0.283518
4358.621176	3.267061	193.750000	0.781250
4358.623177	3.266923	35.936150	0.314504
4359.620149	3.264410	46.386719	-383.496094
4359.622150	3.266870	46.386719	-383.496094
4359.624150	3.266829	46.386719	-383.496094
4359.626150	3.266680	35.933483	0.290338
4360.704707	3.266745	188.964844	-1.757812
4360.706708	3.267234	188.964844	-1.757812
4360.708709	3.267081	35.937893	0.264027
4361.706805	3.265246	43.847656	-387.500000
4361.708807	3.267116	43.847656	-387.500000
4361.710807	3.267027	43.847656	-387.500000
4361.712807	3.267027	35.937294	0.287082
4362.788871	3.266262	194.042969	0.878906
4362.790871	3.266939	194.042969	0.878906
4362.792872	3.266796	35.934757	0.264591
4363.794911	3.267201	44.335937	-386.425781
4363.796915	3.266997	44.335937	-386.425781
4363.798915	3.267106	35.938160	0.312054
4364.873452	3.266531	190.332031	-1.171875
4364.875452	3.267012	190.332031	-1.171875
4364.877451	3.266920	35.936123	0.260731
4365.879519	3.267090	44.628906	-384.960937
4365.881520	3.266995	35.936947	0.484055
4366.958081	3.264534	189.062500	-2.734375
4366.960083	3.267244	189.062500	-2.734375
4366.962084	3.267215	189.062500	-2.734375
4366.964083	3.267085	35.937931	0.267595
4367.962561	3.266500	39.453125	-395.117187
4367.964557	3.267380	39.453125	-395.117187
4367.966558	3.267137	39.453125	-395.117187
4367.968559	3.267081	35.937893	0.280069
4369.044582	3.266700	191.210937	-2.441406
4369.046584	3.267315	191.210937	-2.441406
4369.048584	3.267223	35.939453	0.261614
4370.046586	3.267234	39.257812	-395.117187
4370.048589	3.267405	39.257812	-395.117187
4370.050588	3.267229	35.939518	0.389317
4371.128695	3.266073	195.214844	-2.148437
4371.130698	3.267024	195.214844	-2.148437
4371.132698	3.266762	195.214844	-2.148437
4371.134698	3.266780	35.934582	0.266609
4372.128715	3.264296	44.726562	-384.082031
4372.130718	3.267026	44.726562	-384.082031
4372.132717	3.266849	44.726562	-384.082031
4372.134718	3.266891	35.935795	0.292260
4373.217664	3.267516	194.140625	-4.101562
4373.219667	3.267216	194.140625	-4.101562
4373.221666	3.267256	35.939819	0.265169
4374.215700	3.266313	37.402344	-399.121094
4374.217705	3.267056	37.402344	-399.121094
4374.219710	3.266857	35.935425	0.275462
4375.303823	3.266936	196.093750	-4.785156
4375.305824	3.266836	35.935200	0.269957
4376.299839	3.266638	33.984375	-404.882812
4376.301842	3.266978	33.984375	-404.882812
4376.303841	3.266903	35.935936	0.274298
