num crossings	time (s)	maj axis (mm)	min axis (mm)	theta (rad )	slope (V/s)
1125	1564.219119	42.613208	11.595022	-0.580824	4.260816
1127	1566.299001	42.450958	11.627515	-0.578897	4.860356
1129	1568.384206	42.511585	11.632077	-0.578551	3.710902
1131	1570.466925	42.510251	11.326206	-0.576967	4.154052
1133	1572.551285	43.104011	7.509154	-0.568320	4.354930
1135	1574.638730	44.920484	11.329932	-0.622409	3.866186
1137	1576.716736	44.784940	11.406860	-0.617564	4.635102
1139	1578.801264	44.958510	11.594527	-0.617681	4.084643
1141	1580.892364	45.067545	11.275257	-0.620073	4.081413
1143	1582.972251	45.183684	11.810165	-0.622123	4.603227
1145	1585.058425	45.100935	11.375157	-0.617019	4.021153
1147	1587.143183	45.709433	11.915041	-0.622520	4.057514
1149	1589.224683	43.347463	11.255527	-0.559385	4.148868
1151	1591.310511	42.761627	11.665663	-0.577069	4.337174
1153	1593.395336	43.434122	11.985022	-0.560762	4.494174
1155	1595.477544	46.120532	12.001726	-0.626023	4.618358
1157	1597.560452	45.163799	11.365934	-0.609747	4.481482
1159	1599.646842	45.251503	11.824606	-0.614175	4.304960
1161	1601.729300	45.244066	11.501147	-0.607927	4.068444
1163	1603.814114	45.218485	11.465041	-0.605345	4.511640
1165	1605.898104	45.232223	11.794630	-0.606847	3.956045
1167	1607.982578	42.833399	11.836997	-0.560135	4.192190
1169	1610.067249	45.365844	11.313747	-0.605126	4.094904
1171	1612.150813	45.671552	11.561655	-0.614784	4.057055
1173	1614.237192	45.699530	11.262711	-0.602280	4.358798
1175	1616.321663	45.421476	11.405963	-0.598925	4.461097
1177	1618.404940	45.234557	11.519053	-0.603917	4.143959
1179	1620.490737	42.696982	11.143075	-0.546606	4.592217
1181	1622.572108	42.531703	8.243508	-0.546760	4.175513
1183	1624.658827	45.189454	11.433694	-0.602764	4.290352
1185	1626.742560	45.864254	11.503921	-0.605331	4.612711
1187	1628.827502	45.266150	11.301510	-0.596888	4.082292
1189	1630.913029	42.622266	11.871069	-0.544216	4.564955
1191	1632.992975	45.114651	11.260835	-0.595133	4.108835
1193	1635.079589	42.351628	11.809808	-0.545648	3.881763
1195	1637.164233	45.456440	11.910347	-0.611615	4.251091
1197	1639.246394	42.786761	11.656814	-0.550015	4.332197
1199	1641.333460	45.327539	11.477301	-0.593976	4.331677
1201	1643.415241	45.250495	11.441909	-0.585289	4.158768
1203	1645.499541	46.204544	11.232100	-0.589552	3.985684
1205	1647.585319	45.405187	11.357107	-0.587835	4.419791
1207	1649.669305	42.519721	11.381126	-0.543577	4.157561
1209	1651.753743	42.178056	7.549435	-0.539677	4.296780
1211	1653.839717	42.876362	11.733147	-0.540867	4.321656
1213	1655.922717	45.638081	11.931844	-0.604147	4.181427
1215	1658.005600	44.929954	11.242079	-0.585158	4.483410
1217	1660.091936	45.344547	11.317985	-0.585763	4.466174
1219	1662.173183	42.395894	11.071204	-0.533244	4.431105
1221	1664.259148	50.753326	6.443582	-0.535607	4.535180
1223	1666.342276	45.613629	11.301358	-0.578122	4.381689
1225	1668.427305	45.897878	11.212495	-0.580437	4.197795
1227	1670.509171	45.429591	11.127030	-0.570532	4.458312
1229	1672.595307	45.294584	11.106510	-0.579955	4.386078
1231	1674.679433	45.176608	11.685901	-0.585263	4.285648
1233	1676.761135	45.863511	11.237344	-0.574684	4.356274
1235	1678.847258	45.268620	11.155526	-0.573745	4.318901
1237	1680.932675	45.538723	11.419148	-0.581482	4.528899
1239	1683.017150	44.989741	11.084438	-0.577746	4.461607
1241	1685.101471	45.427182	11.158654	-0.573547	4.242541
1243	1687.186003	45.083718	11.141827	-0.577218	4.313513
1245	1689.270735	42.641698	10.937100	-0.518112	4.093125
1247	1691.354156	41.918404	8.722611	-0.524725	3.878263
1249	1693.438590	45.615877	11.183810	-0.567830	4.022888
1251	1695.523639	45.069966	11.007408	-0.571072	3.946234
1253	1697.606852	45.225605	11.092431	-0.578786	4.035041
1255	1699.688609	45.160225	11.289287	-0.575449	4.139281
1257	1701.773299	45.129439	11.041246	-0.573457	4.198591
1259	1703.856717	41.726731	10.844293	-0.511944	4.307493
1261	1705.939902	42.167411	8.092236	-0.524822	4.276025
1263	1708.026484	44.930854	11.185068	-0.569569	4.294132
1265	1710.109994	45.191069	10.910557	-0.568785	4.296899
1267	1712.196237	45.194110	11.245339	-0.567799	4.329998
1269	1714.279205	45.264641	11.011376	-0.566476	4.501146
1271	1716.364466	44.872201	11.233032	-0.559074	4.139377
1273	1718.448669	43.464405	11.235984	-0.523431	4.367820
1275	1720.532699	44.989698	11.168936	-0.567204	4.101508
1277	1722.617590	42.713459	10.818295	-0.506427	4.267658
1279	1724.701880	44.325238	6.093646	-0.511868	4.279310
1281	1726.785754	45.068913	10.864574	-0.556845	4.536165
1283	1728.868574	45.308139	11.038789	-0.556110	4.095994
1285	1730.952636	45.440976	10.929439	-0.555876	4.454203
1287	1733.038677	42.703359	10.810640	-0.502461	4.298690
1289	1735.123188	37.400714	8.344000	-0.527485	4.145323
1291	1737.206014	45.080952	10.933747	-0.558436	4.055621
1293	1739.291067	45.216359	10.952322	-0.550001	4.112199
1295	1741.374873	45.762972	11.696111	-0.568263	4.375213
1297	1743.458765	46.287885	10.940378	-0.551423	4.320162
1299	1745.543605	45.749369	11.130118	-0.557266	4.471692
1301	1747.626994	42.313057	10.686124	-0.496456	4.496662
1303	1749.711444	44.522798	6.625754	-0.499393	4.345981
1305	1751.795780	45.647903	10.961330	-0.553531	4.480115
1307	1753.879312	45.390163	10.774487	-0.545167	4.567981
1309	1755.964457	45.134519	10.850894	-0.549278	4.291826
1311	1758.049703	45.882843	11.305388	-0.566673	4.364547
1313	1760.134029	45.255994	10.821262	-0.543810	4.113855
1315	1762.215849	45.392209	10.875052	-0.545676	4.211260
1317	1764.301801	45.860946	11.085641	-0.552482	4.065529
1319	1766.384200	45.488487	10.747204	-0.545583	4.111158
1321	1768.469785	45.038010	10.771788	-0.546059	4.206034
1323	1770.552759	46.010237	10.652014	-0.543236	4.351566
1325	1772.637767	46.118410	10.953914	-0.548267	4.204707
1327	1774.723286	45.125624	10.687865	-0.542187	4.481950
1329	1776.807821	44.801935	10.683975	-0.543697	4.358646
1331	1778.891638	44.847535	10.497910	-0.541657	4.402916
1333	1780.974518	45.121801	10.621991	-0.543347	4.391848
1335	1783.056842	46.022662	10.521814	-0.535111	4.131211
1337	1785.143692	42.546061	10.493686	-0.480563	4.173772
1339	1787.226515	42.514062	10.432443	-0.489561	4.258929
1341	1789.311117	42.490245	10.484131	-0.487509	4.051208
1343	1791.395073	39.768225	7.810022	-0.487944	4.101618
1345	1793.481235	45.133026	10.563548	-0.526816	4.246855
1347	1795.565719	45.381876	10.903952	-0.533992	4.078116
1349	1797.649881	45.376383	10.731935	-0.529342	4.137107
1351	1799.733728	45.114742	10.727758	-0.529859	4.510139
1353	1801.817850	45.014054	10.637592	-0.529334	4.541524
1355	1803.901555	45.199929	10.687302	-0.525332	4.208846
1357	1805.985573	45.501531	10.918917	-0.534959	4.368897
1359	1808.070217	42.039094	10.931651	-0.475716	4.432802
1361	1810.155095	45.770341	10.605577	-0.532176	4.430161
1363	1812.238571	45.124793	10.460397	-0.526762	4.610526
1365	1814.323983	45.479662	10.410340	-0.524558	4.312138
1367	1816.407886	45.192199	10.464153	-0.519352	4.341927
1369	1818.492557	45.496541	10.727028	-0.529487	4.157299
1371	1820.575979	45.160313	10.334402	-0.523382	4.209484
1373	1822.660270	45.591011	10.409018	-0.522051	4.339031
1375	1824.742501	45.403278	10.295382	-0.523552	4.351689
1377	1826.827642	45.463649	10.475747	-0.519777	4.346582
1379	1828.913555	45.119986	10.445946	-0.521416	4.397633
1381	1830.998450	45.266390	10.445744	-0.522168	4.139237
1383	1833.080857	45.219222	10.354429	-0.516520	4.467009
1385	1835.166777	42.913574	10.749097	-0.463628	4.310170
1387	1837.250469	45.331767	10.471456	-0.524069	4.275722
1389	1839.334881	44.867925	10.194151	-0.522875	3.979509
1391	1841.417954	42.686490	10.121547	-0.460680	4.419318
1393	1843.501583	42.149151	7.648962	-0.462421	4.450401
1395	1845.587309	45.487354	10.629351	-0.512146	4.462008
1397	1847.671340	45.670512	10.570907	-0.512811	4.549627
1399	1849.754748	42.663050	10.354217	-0.459461	4.486887
1401	1851.840507	46.712671	4.837569	-0.446254	4.512552
1403	1853.924009	45.125014	10.152770	-0.507828	4.389890
1405	1856.008271	45.361303	10.173535	-0.510353	4.195865
1407	1858.092878	45.284100	10.158396	-0.505729	4.500172
1409	1860.177680	45.418045	10.519404	-0.515566	4.154470
1411	1862.260090	46.531952	10.060295	-0.500167	4.175232
1413	1864.345365	45.286270	10.060495	-0.502944	4.421320
1415	1866.426805	43.200664	10.245867	-0.465603	4.189088
1417	1868.513071	45.452219	10.299704	-0.504184	4.177596
