crossing time (s)	slope (V/s)	crossing number
281474976710655.000000	3.752548	1127	0.000000
281474976710655.000000	3.942182	1128	0.000000
281474976710655.000000	3.807985	1129	1569567744.000000
281474976710655.000000	3.942570	1130	1570582144.000000
281474976710655.000000	4.059690	1131	1571650688.000000
281474976710655.000000	4.136833	1132	1572666624.000000
281474976710655.000000	3.781830	1133	1573736576.000000
281474976710655.000000	3.913720	1134	1574754176.000000
281474976710655.000000	4.018157	1135	1575817600.000000
281474976710655.000000	3.970753	1136	1576831744.000000
281474976710655.000000	4.059984	1137	1577905280.000000
281474976710655.000000	4.040395	1138	1578916608.000000
281474976710655.000000	3.889216	1139	1579988736.000000
281474976710655.000000	3.885022	1140	1581008128.000000
281474976710655.000000	4.084061	1141	1582069248.000000
281474976710655.000000	3.943496	1142	1583087360.000000
281474976710655.000000	3.923306	1143	1584156416.000000
281474976710655.000000	4.014619	1144	1585173760.000000
281474976710655.000000	3.914723	1145	1586239744.000000
281474976710655.000000	3.911432	1146	1587258496.000000
281474976710655.000000	4.073832	1147	1588322048.000000
281474976710655.000000	3.953415	1148	1589339776.000000
281474976710655.000000	4.035259	1149	1590408192.000000
281474976710655.000000	3.953812	1150	1591425792.000000
281474976710655.000000	4.011028	1151	1592491904.000000
281474976710655.000000	3.950209	1152	1593510656.000000
281474976710655.000000	4.082558	1153	1594575232.000000
281474976710655.000000	3.931550	1154	1595592704.000000
281474976710655.000000	3.953320	1155	1596662528.000000
281474976710655.000000	3.968444	1156	1597675648.000000
281474976710655.000000	3.940345	1157	1598745088.000000
281474976710655.000000	3.989804	1158	1599762304.000000
281474976710655.000000	3.945342	1159	1600827392.000000
281474976710655.000000	3.914497	1160	1601844480.000000
281474976710655.000000	3.995569	1161	1602915584.000000
281474976710655.000000	4.014991	1162	1603929472.000000
281474976710655.000000	3.914891	1163	1604996992.000000
281474976710655.000000	4.004124	1164	1606013440.000000
281474976710655.000000	3.905136	1165	1607083904.000000
281474976710655.000000	3.980715	1166	1608097920.000000
281474976710655.000000	4.003339	1167	1609168000.000000
281474976710655.000000	4.107272	1168	1610182528.000000
281474976710655.000000	3.885254	1169	1611248384.000000
281474976710655.000000	3.976549	1170	1612265984.000000
281474976710655.000000	3.885549	1171	1613335808.000000
281474976710655.000000	3.997872	1172	1614352640.000000
281474976710655.000000	3.963438	1173	1615417728.000000
281474976710655.000000	4.099913	1174	1616436992.000000
281474976710655.000000	3.824645	1175	1617502336.000000
281474976710655.000000	3.982247	1176	1618520192.000000
281474976710655.000000	3.938740	1177	1619587712.000000
281474976710655.000000	4.094875	1178	1620606080.000000
281474976710655.000000	3.921971	1179	1621669760.000000
281474976710655.000000	4.085749	1180	1622687232.000000
281474976710655.000000	3.871585	1181	1623755264.000000
281474976710655.000000	3.994342	1182	1624774272.000000
281474976710655.000000	3.980633	1183	1625840256.000000
281474976710655.000000	4.099626	1184	1626857728.000000
281474976710655.000000	3.881749	1185	1627925760.000000
281474976710655.000000	4.022806	1186	1628942848.000000
281474976710655.000000	3.901343	1187	1630009472.000000
281474976710655.000000	4.028893	1188	1631028352.000000
281474976710655.000000	3.929215	1189	1632091776.000000
281474976710655.000000	4.083143	1190	1633108096.000000
281474976710655.000000	3.861110	1191	1634178944.000000
281474976710655.000000	4.014430	1192	1635195008.000000
281474976710655.000000	3.896987	1193	1636263168.000000
281474976710655.000000	4.019521	1194	1637279616.000000
281474976710655.000000	4.039418	1195	1638346880.000000
281474976710655.000000	4.004552	1196	1639361536.000000
281474976710655.000000	3.952393	1197	1640430592.000000
281474976710655.000000	4.006938	1198	1641448960.000000
281474976710655.000000	3.954567	1199	1642514560.000000
281474976710655.000000	4.008763	1200	1643530496.000000
281474976710655.000000	3.952142	1201	1644600320.000000
281474976710655.000000	3.992755	1202	1645614848.000000
281474976710655.000000	4.005246	1203	1646683520.000000
281474976710655.000000	4.007139	1204	1647700608.000000
281474976710655.000000	3.971048	1205	1648765952.000000
281474976710655.000000	3.994742	1206	1649784576.000000
281474976710655.000000	3.971334	1207	1650852480.000000
281474976710655.000000	3.994183	1208	1651869056.000000
281474976710655.000000	4.059958	1209	1652934272.000000
281474976710655.000000	3.937666	1210	1653955072.000000
281474976710655.000000	4.006022	1211	1655015552.000000
281474976710655.000000	3.909094	1212	1656037888.000000
281474976710655.000000	4.003333	1213	1657101952.000000
281474976710655.000000	4.019678	1214	1658120832.000000
281474976710655.000000	4.011321	1215	1659186304.000000
281474976710655.000000	3.979133	1216	1660207360.000000
281474976710655.000000	4.026802	1217	1661271296.000000
281474976710655.000000	3.944887	1218	1662288256.000000
281474976710655.000000	4.081647	1219	1663356544.000000
281474976710655.000000	4.006118	1220	1664374528.000000
281474976710655.000000	4.056238	1221	1665441280.000000
281474976710655.000000	3.963759	1222	1666457472.000000
281474976710655.000000	3.995035	1223	1667524864.000000
281474976710655.000000	3.976680	1224	1668542592.000000
281474976710655.000000	4.009056	1225	1669609600.000000
281474976710655.000000	4.001034	1226	1670624384.000000
281474976710655.000000	4.039164	1227	1671692416.000000
281474976710655.000000	4.006659	1228	1672710656.000000
281474976710655.000000	4.007223	1229	1673776896.000000
281474976710655.000000	3.972908	1230	1674794752.000000
281474976710655.000000	4.030864	1231	1675859968.000000
281474976710655.000000	4.044153	1232	1676876288.000000
281474976710655.000000	3.972404	1233	1677945856.000000
281474976710655.000000	4.007858	1234	1678962560.000000
281474976710655.000000	3.970849	1235	1680029568.000000
281474976710655.000000	4.030679	1236	1681048064.000000
281474976710655.000000	4.014042	1237	1682114688.000000
281474976710655.000000	4.029419	1238	1683132416.000000
281474976710655.000000	3.927656	1239	1684199680.000000
281474976710655.000000	4.016563	1240	1685216768.000000
281474976710655.000000	3.975922	1241	1686284288.000000
281474976710655.000000	4.087349	1242	1687301376.000000
281474976710655.000000	3.926488	1243	1688369152.000000
281474976710655.000000	4.069389	1244	1689386112.000000
281474976710655.000000	3.937903	1245	1690451072.000000
281474976710655.000000	4.081387	1246	1691469312.000000
281474976710655.000000	3.953305	1247	1692535552.000000
281474976710655.000000	4.083300	1248	1693553920.000000
281474976710655.000000	3.920594	1249	1694618368.000000
281474976710655.000000	4.095955	1250	1695638912.000000
281474976710655.000000	3.942869	1251	1696705152.000000
281474976710655.000000	4.115036	1252	1697722112.000000
281474976710655.000000	3.929823	1253	1698785792.000000
281474976710655.000000	4.065138	1254	1699803776.000000
281474976710655.000000	3.915954	1255	1700870272.000000
281474976710655.000000	4.084527	1256	1701888640.000000
281474976710655.000000	3.938080	1257	1702954624.000000
281474976710655.000000	4.074745	1258	1703971968.000000
281474976710655.000000	3.975667	1259	1705038848.000000
281474976710655.000000	4.081133	1260	1706055040.000000
281474976710655.000000	3.952452	1261	1707126144.000000
281474976710655.000000	4.083500	1262	1708141952.000000
281474976710655.000000	3.987184	1263	1709210368.000000
281474976710655.000000	4.063344	1264	1710225152.000000
281474976710655.000000	3.991380	1265	1711292672.000000
281474976710655.000000	4.032111	1266	1712311552.000000
281474976710655.000000	3.960035	1267	1713378176.000000
281474976710655.000000	4.066229	1268	1714394368.000000
281474976710655.000000	3.927329	1269	1715461248.000000
281474976710655.000000	4.033721	1270	1716479744.000000
281474976710655.000000	4.037489	1271	1717546112.000000
281474976710655.000000	4.034412	1272	1718563968.000000
281474976710655.000000	4.028760	1273	1719630336.000000
281474976710655.000000	4.061942	1274	1720648064.000000
281474976710655.000000	4.087185	1275	1721713664.000000
281474976710655.000000	4.026689	1276	1722732928.000000
281474976710655.000000	4.036321	1277	1723796480.000000
281474976710655.000000	4.021790	1278	1724817152.000000
281474976710655.000000	4.107542	1279	1725881088.000000
281474976710655.000000	4.057209	1280	1726900992.000000
281474976710655.000000	3.949995	1281	1727965312.000000
281474976710655.000000	4.058524	1282	1728983808.000000
281474976710655.000000	4.100616	1283	1730050432.000000
281474976710655.000000	4.027016	1284	1731067904.000000
281474976710655.000000	4.084968	1285	1732134016.000000
281474976710655.000000	4.006312	1286	1733154048.000000
281474976710655.000000	4.044379	1287	1734219904.000000
281474976710655.000000	4.041811	1288	1735238528.000000
281474976710655.000000	4.096886	1289	1736302208.000000
281474976710655.000000	4.027080	1290	1737321216.000000
281474976710655.000000	4.079912	1291	1738388480.000000
281474976710655.000000	4.035357	1292	1739406336.000000
281474976710655.000000	4.103481	1293	1740472064.000000
281474976710655.000000	4.044083	1294	1741490048.000000
281474976710655.000000	4.063599	1295	1742557952.000000
281474976710655.000000	4.055756	1296	1743574016.000000
281474976710655.000000	4.071640	1297	1744640128.000000
281474976710655.000000	4.079078	1298	1745658880.000000
281474976710655.000000	4.009459	1299	1746723968.000000
281474976710655.000000	4.084568	1300	1747742208.000000
281474976710655.000000	4.047282	1301	1748808832.000000
281474976710655.000000	4.082542	1302	1749826816.000000
281474976710655.000000	4.040313	1303	1750894080.000000
281474976710655.000000	4.082919	1304	1751911168.000000
281474976710655.000000	4.058040	1305	1752978432.000000
281474976710655.000000	4.071170	1306	1753994496.000000
281474976710655.000000	3.960569	1307	1755063296.000000
281474976710655.000000	4.078850	1308	1756079744.000000
281474976710655.000000	4.021311	1309	1757146624.000000
281474976710655.000000	4.130600	1310	1758164992.000000
281474976710655.000000	4.001956	1311	1759229568.000000
281474976710655.000000	4.097832	1312	1760249344.000000
281474976710655.000000	3.980956	1313	1761317120.000000
281474976710655.000000	4.113098	1314	1762331008.000000
281474976710655.000000	3.992312	1315	1763397504.000000
281474976710655.000000	4.095448	1316	1764417152.000000
281474976710655.000000	3.941422	1317	1765485440.000000
281474976710655.000000	4.087734	1318	1766499456.000000
281474976710655.000000	3.996433	1319	1767566208.000000
281474976710655.000000	4.072874	1320	1768585088.000000
281474976710655.000000	3.972571	1321	1769650944.000000
281474976710655.000000	4.155200	1322	1770667904.000000
281474976710655.000000	3.902416	1323	1771736960.000000
281474976710655.000000	4.091553	1324	1772753152.000000
281474976710655.000000	4.010535	1325	1773819776.000000
281474976710655.000000	4.083688	1326	1774838656.000000
281474976710655.000000	4.030051	1327	1775904768.000000
281474976710655.000000	4.082806	1328	1776923136.000000
281474976710655.000000	4.039219	1329	1777990528.000000
281474976710655.000000	4.113590	1330	1779006848.000000
281474976710655.000000	4.119091	1331	1780073216.000000
281474976710655.000000	4.104867	1332	1781089664.000000
281474976710655.000000	4.094241	1333	1782158336.000000
281474976710655.000000	4.097619	1334	1783172096.000000
281474976710655.000000	4.053982	1335	1784241024.000000
281474976710655.000000	4.091941	1336	1785259136.000000
281474976710655.000000	4.149857	1337	1786325760.000000
281474976710655.000000	4.092952	1338	1787341696.000000
281474976710655.000000	4.016770	1339	1788411392.000000
281474976710655.000000	4.086937	1340	1789426432.000000
281474976710655.000000	4.094654	1341	1790494464.000000
281474976710655.000000	4.126077	1342	1791510272.000000
281474976710655.000000	4.146374	1343	1792576640.000000
281474976710655.000000	4.099813	1344	1793596544.000000
281474976710655.000000	4.122639	1345	1794663424.000000
281474976710655.000000	4.104534	1346	1795681024.000000
281474976710655.000000	4.139534	1347	1796746368.000000
281474976710655.000000	4.112147	1348	1797765248.000000
281474976710655.000000	4.128844	1349	1798831616.000000
281474976710655.000000	4.111666	1350	1799848960.000000
281474976710655.000000	4.171891	1351	1800914048.000000
281474976710655.000000	4.088292	1352	1801933184.000000
281474976710655.000000	4.092786	1353	1802999808.000000
281474976710655.000000	4.119785	1354	1804016768.000000
281474976710655.000000	4.103094	1355	1805082496.000000
281474976710655.000000	4.128710	1356	1806100864.000000
281474976710655.000000	4.076906	1357	1807168512.000000
281474976710655.000000	4.099887	1358	1808185600.000000
281474976710655.000000	4.122384	1359	1809252992.000000
281474976710655.000000	4.092783	1360	1810270464.000000
281474976710655.000000	4.103928	1361	1811335936.000000
281474976710655.000000	4.119335	1362	1812353792.000000
281474976710655.000000	4.114615	1363	1813422336.000000
281474976710655.000000	4.130254	1364	1814439296.000000
281474976710655.000000	4.162230	1365	1815504768.000000
281474976710655.000000	4.124081	1366	1816523136.000000
281474976710655.000000	4.089283	1367	1817589760.000000
281474976710655.000000	4.171233	1368	1818607872.000000
281474976710655.000000	4.108140	1369	1819674624.000000
281474976710655.000000	4.157621	1370	1820691200.000000
281474976710655.000000	4.091431	1371	1821757568.000000
281474976710655.000000	4.149834	1372	1822775552.000000
281474976710655.000000	4.108080	1373	1823843712.000000
281474976710655.000000	4.149381	1374	1824857728.000000
281474976710655.000000	4.076946	1375	1825927808.000000
281474976710655.000000	4.176923	1376	1826942976.000000
281474976710655.000000	4.125331	1377	1828009856.000000
281474976710655.000000	4.188624	1378	1829028864.000000
281474976710655.000000	4.063984	1379	1830095104.000000
281474976710655.000000	4.194015	1380	1831113728.000000
281474976710655.000000	4.160625	1381	1832179584.000000
281474976710655.000000	4.198844	1382	1833196032.000000
281474976710655.000000	4.108883	1383	1834264448.000000
281474976710655.000000	4.176243	1384	1835282048.000000
281474976710655.000000	4.147272	1385	1836346880.000000
281474976710655.000000	4.181113	1386	1837365632.000000
281474976710655.000000	4.087398	1387	1838432384.000000
281474976710655.000000	4.180741	1388	1839450240.000000
281474976710655.000000	4.159500	1389	1840516096.000000
281474976710655.000000	4.208434	1390	1841533184.000000
281474976710655.000000	4.133479	1391	1842602112.000000
281474976710655.000000	4.223781	1392	1843616768.000000
281474976710655.000000	4.139788	1393	1844686720.000000
281474976710655.000000	4.232899	1394	1845702656.000000
281474976710655.000000	4.156169	1395	1846770816.000000
281474976710655.000000	4.226673	1396	1847786624.000000
281474976710655.000000	4.162415	1397	1848854016.000000
281474976710655.000000	4.205556	1398	1849869952.000000
281474976710655.000000	4.171605	1399	1850937344.000000
281474976710655.000000	4.187597	1400	1851955840.000000
281474976710655.000000	4.187295	1401	1853023616.000000
281474976710655.000000	4.216256	1402	1854039168.000000
281474976710655.000000	4.137032	1403	1855106688.000000
281474976710655.000000	4.222388	1404	1856123648.000000
281474976710655.000000	4.183495	1405	1857189376.000000
281474976710655.000000	4.211729	1406	1858208256.000000
281474976710655.000000	4.187839	1407	1859276288.000000
281474976710655.000000	4.202407	1408	1860292992.000000
281474976710655.000000	4.235616	1409	1861360128.000000
281474976710655.000000	4.211751	1410	1862375296.000000
281474976710655.000000	4.193321	1411	1863442304.000000
281474976710655.000000	4.173672	1412	1864460672.000000
281474976710655.000000	4.189259	1413	1865529088.000000
281474976710655.000000	4.206832	1414	1866541824.000000
281474976710655.000000	4.204902	1415	1867612544.000000
281474976710655.000000	4.196394	1416	1868628352.000000
281474976710655.000000	4.201890	1417	1869693696.000000
281474976710655.000000	4.205279	1418	1870711296.000000
