time (s)	energy (uJ)	charge (mC)	voltage (mV)	crossing#mod 255
6088.497271	57.772709	0.035935	1.607718	158
6089.524582	59.109268	0.035938	1.644737	159
6090.577365	60.749065	0.035934	1.690579	160
6091.603269	62.463108	0.035934	1.738259	161
6092.663427	64.233139	0.035933	1.787582	162
6093.693351	55.628483	0.035936	1.547984	163
6094.737975	58.518864	0.035936	1.628441	164
6095.776322	58.326706	0.035938	1.622961	165
6096.824145	57.587006	0.035934	1.602588	166
6097.861228	56.899075	0.035939	1.583211	167
6098.904641	57.973991	0.035935	1.613280	168
6099.934777	59.963608	0.035936	1.668621	169
6100.995429	57.151482	0.035939	1.590250	170
6101.977935	83.317284	0.035937	2.318416	171
6103.073569	58.136284	0.035936	1.617769	172
6104.107615	57.615807	0.035936	1.603277	173
6105.151471	59.149578	0.035933	1.646092	174
6106.191866	58.717999	0.035934	1.634032	175
6107.241596	56.187614	0.035936	1.563538	176
6108.268026	58.966007	0.035938	1.640750	177
6109.327159	58.917076	0.035933	1.639626	178
6110.351910	59.269001	0.035936	1.649282	179
6111.405859	58.098606	0.035934	1.616814	180
6112.436590	59.571377	0.035938	1.657625	181
6113.481385	60.013020	0.035932	1.670185	182
6114.523701	58.938164	0.035934	1.640180	183
6115.571958	57.145603	0.035935	1.590266	184
6116.600314	57.773331	0.035932	1.607845	185
6117.654615	59.166924	0.035936	1.646469	186
6118.677305	61.218769	0.035936	1.703555	187
6119.740347	57.497681	0.035936	1.600022	188
6120.765920	58.782990	0.035933	1.635893	189
6121.818151	57.603981	0.035934	1.603028	190
6122.846954	58.112301	0.035934	1.617197	191
6123.899641	58.464455	0.035937	1.626863	192
6124.934800	57.609455	0.035934	1.603222	193
6125.984442	58.278629	0.035936	1.621724	194
6127.020142	56.509575	0.035935	1.572538	195
6128.062757	59.177895	0.035933	1.646886	196
6129.096707	58.949989	0.035936	1.640411	197
6130.148731	57.146309	0.035933	1.590347	198
6131.182738	56.557140	0.035936	1.573821	199
6132.233309	58.178940	0.035933	1.619092	200
6133.259842	60.480362	0.035935	1.683030	201
6134.312339	60.079952	0.035932	1.672042	202
6135.342527	58.337727	0.035935	1.623430	203
6136.402574	55.468433	0.035934	1.543617	204
6137.425139	58.182213	0.035933	1.619168	205
6138.481127	59.158852	0.035935	1.646273	206
6139.507130	60.602055	0.035935	1.686435	207
6140.561196	57.743710	0.035933	1.606960	208
6141.597813	56.167294	0.035933	1.563090	209
6142.642383	58.521759	0.035933	1.628635	210
6143.680425	58.458237	0.035934	1.626842	211
6144.724968	59.026310	0.035935	1.642587	212
6145.749179	62.683018	0.035937	1.744228	213
6146.811073	58.702755	0.035934	1.633615	214
6147.839104	59.044693	0.035934	1.643132	215
6148.895736	58.300716	0.035935	1.622396	216
6149.920341	59.652233	0.035933	1.660114	217
6150.974344	58.713413	0.035935	1.633901	218
6152.010875	57.836308	0.035933	1.609576	219
6153.054912	58.562119	0.035936	1.629616	220
6154.099366	55.045643	0.035934	1.531839	221
6155.137129	60.708469	0.035932	1.689541	222
6156.172055	59.362648	0.035936	1.651899	223
6157.224367	58.603893	0.035934	1.630889	224
6158.250631	60.039883	0.035938	1.670672	225
6159.310663	55.926830	0.035932	1.556454	226
6160.336605	58.500313	0.035938	1.627816	227
6161.387345	60.515675	0.035937	1.683917	228
6162.417868	60.699554	0.035936	1.689114	229
6163.469832	58.877724	0.035935	1.638448	230
6164.504400	58.245461	0.035936	1.620831	231
6165.550854	58.961430	0.035934	1.640813	232
6166.585598	60.693546	0.035936	1.688941	233
6167.631336	60.933952	0.035934	1.695701	234
6168.670987	59.075420	0.035935	1.643932	235
6169.714032	59.809185	0.035933	1.664484	236
6170.752348	58.949375	0.035934	1.640512	237
6171.796281	59.587639	0.035936	1.658166	238
6172.834252	60.594296	0.035935	1.686228	239
6173.881264	60.287720	0.035937	1.677572	240
6174.915057	61.054302	0.035938	1.698895	241
6175.964032	60.527470	0.035938	1.684207	242
6176.996857	60.007679	0.035934	1.669958	243
6178.048889	59.474968	0.035934	1.655105	244
6179.080920	57.901901	0.035932	1.611416	245
6180.136956	58.281925	0.035933	1.621944	246
6181.163357	58.175812	0.035934	1.618971	247
6182.215750	60.608662	0.035936	1.686550	248
6183.244165	58.847317	0.035933	1.637703	249
6184.297653	60.102863	0.035938	1.672397	250
6185.329663	59.251282	0.035934	1.648884	251
6186.376234	60.436844	0.035936	1.681795	252
6187.414614	58.838142	0.035933	1.637444	253
6188.460440	59.397541	0.035935	1.652905	254
6189.494431	60.812714	0.035936	1.692265	255
6190.546421	58.205029	0.035935	1.619723	0
6191.576989	58.919926	0.035932	1.639759	1
6192.627659	60.855358	0.035935	1.693496	2
6193.656167	59.836399	0.035933	1.665219	3
6194.712727	60.127930	0.035935	1.673250	4
6195.740693	58.623936	0.035937	1.631300	5
6196.794457	58.782883	0.035934	1.635852	6
6197.825766	58.449242	0.035933	1.626616	7
6198.874346	58.926617	0.035934	1.639858	8
6199.908630	59.704861	0.035933	1.661550	9
6200.954348	59.538574	0.035933	1.656912	10
6201.991370	60.396961	0.035935	1.680744	11
6203.034839	61.283432	0.035932	1.705517	12
6204.075473	59.175900	0.035938	1.646589	13
6205.119648	60.776169	0.035932	1.691411	14
6206.156712	59.183086	0.035939	1.646777	15
6207.204774	59.580006	0.035933	1.658080	16
6208.237701	59.603931	0.035936	1.658614	17
6209.285232	61.236946	0.035935	1.704083	18
6210.320175	59.502861	0.035938	1.655699	19
6211.372158	58.703091	0.035936	1.633524	20
6212.402306	59.946621	0.035934	1.668260	21
6213.450019	61.287666	0.035937	1.705437	22
6214.485002	60.191936	0.035934	1.675056	23
6215.534505	59.000713	0.035934	1.641913	24
6216.568928	60.002483	0.035936	1.669704	25
6217.613025	61.169685	0.035938	1.702103	26
6218.651085	61.327534	0.035935	1.706648	27
6219.699075	59.482258	0.035935	1.655277	28
6220.738841	58.009720	0.035933	1.614380	29
6221.782091	60.271385	0.035935	1.677232	30
6222.818151	58.547054	0.035933	1.629357	31
6223.864496	61.530430	0.035934	1.712298	32
6224.896275	59.549393	0.035933	1.657212	33
6225.952766	58.847099	0.035934	1.637658	34
6226.977132	59.655586	0.035933	1.660200	35
6228.030902	61.364426	0.035933	1.707725	36
6229.060958	60.136845	0.035934	1.673523	37
6230.114985	59.628746	0.035934	1.659398	38
6231.145829	60.253738	0.035932	1.676884	39
6232.195182	59.690773	0.035934	1.661142	40
6233.231592	59.166256	0.035932	1.646623	41
6234.274017	61.704552	0.035935	1.717123	42
6235.311912	61.222393	0.035936	1.703667	43
6236.358654	61.049698	0.035936	1.698857	44
6237.394164	60.437359	0.035934	1.681904	45
6238.442500	61.218639	0.035934	1.703640	46
6239.474603	60.738159	0.035932	1.690356	47
6240.527095	60.291103	0.035934	1.677838	48
6241.557138	59.624634	0.035931	1.659431	49
6242.609296	80.239624	0.035932	2.233091	50
6243.637722	60.417187	0.035935	1.681277	51
6244.693814	61.106518	0.035937	1.700388	52
6245.722719	59.226177	0.035932	1.648282	53
6246.775172	61.853424	0.035935	1.721282	54
6247.801392	60.578102	0.035932	1.685890	55
6248.859325	60.358936	0.035935	1.679679	56
6249.886414	59.876987	0.035934	1.666294	57
6250.940975	61.235321	0.035937	1.703951	58
6251.969281	58.787998	0.035934	1.635978	59
6253.023056	61.462620	0.035933	1.710481	60
6254.049378	61.067097	0.035933	1.699459	61
6255.105503	60.344280	0.035937	1.679179	62
6256.135717	58.954765	0.035933	1.640675	63
6257.187533	60.247513	0.035932	1.676687	64
6258.219520	59.662331	0.035936	1.660246	65
6259.267644	60.414726	0.035931	1.681392	66
6260.303610	60.339828	0.035930	1.679353	67
6261.348398	60.961071	0.035934	1.696486	68
6262.385864	61.696526	0.035931	1.717090	69
6263.430039	61.551479	0.035933	1.712965	70
6264.467800	61.912464	0.035933	1.722995	71
6265.515826	59.528568	0.035934	1.656615	72
6266.550190	60.351830	0.035931	1.679647	73
6267.600735	60.336613	0.035933	1.679149	74
6268.629637	61.730556	0.035932	1.717966	75
6269.683523	61.033615	0.035933	1.698562	76
6270.711540	58.731262	0.035935	1.634397	77
6271.765551	62.039093	0.035932	1.726570	78
6272.795560	59.816803	0.035937	1.664492	79
6273.849616	60.741001	0.035934	1.690348	80
6274.877092	62.570480	0.035935	1.741226	81
6275.931051	60.036335	0.035931	1.670859	82
6276.961428	60.942806	0.035938	1.695784	83
6278.009734	61.421856	0.035935	1.709268	84
6279.048046	59.271473	0.035932	1.649554	85
6280.095698	59.234066	0.035936	1.648327	86
6281.131738	59.290604	0.035934	1.649973	87
6282.174498	60.876980	0.035932	1.694242	88
6283.212771	60.606968	0.035932	1.686694	89
6284.254974	62.259636	0.035934	1.732592	90
6285.298964	58.774010	0.035932	1.635699	91
6286.341524	59.481171	0.035934	1.655286	92
6287.378142	60.706310	0.035932	1.689463	93
6288.424640	59.151684	0.035933	1.646175	94
6289.461302	60.197227	0.035934	1.675211	95
6290.505430	60.258369	0.035933	1.676975	96
6291.541309	61.782921	0.035933	1.719415	97
6292.584790	61.964134	0.035933	1.724443	98
6293.626669	59.908134	0.035933	1.667239	99
6294.670734	60.886471	0.035932	1.694472	100
6295.706716	60.661938	0.035933	1.688193	101
6296.752886	62.210136	0.035936	1.731145	102
6297.787295	60.342682	0.035933	1.679311	103
6298.839520	59.859367	0.035931	1.665941	104
6299.869434	60.253670	0.035935	1.676748	105
6300.921403	61.137020	0.035932	1.701453	106
6301.951488	60.055759	0.035935	1.671250	107
6303.010037	58.278568	0.035935	1.621783	108
6304.034482	59.828136	0.035933	1.664993	109
6305.086970	61.398685	0.035935	1.708623	110
6306.117422	60.214928	0.035935	1.675682	111
6307.171250	59.806644	0.035934	1.664370	112
6308.199806	61.345810	0.035935	1.707156	113
6309.252315	59.095684	0.035936	1.644469	114
6310.286387	60.086021	0.035934	1.672119	115
6311.328861	61.889473	0.035935	1.722281	116
6312.371930	58.391476	0.035932	1.625034	117
6313.412519	60.944912	0.035934	1.696017	118
6314.453830	59.635601	0.035932	1.659699	119
6315.494138	62.493286	0.035934	1.739101	120
6316.534901	59.063419	0.035937	1.643507	121
6317.578056	62.426651	0.035937	1.737097	122
6318.614393	60.462727	0.035936	1.682512	123
6319.665105	60.142391	0.035933	1.673754	124
6320.695772	60.271095	0.035932	1.677351	125
6321.745935	62.179264	0.035934	1.730394	126
6322.778778	59.597588	0.035934	1.658508	127
6323.830619	60.748154	0.035933	1.690573	128
6324.859963	60.033222	0.035934	1.670666	129
6325.912079	59.911392	0.035933	1.667316	130
6326.943625	59.466984	0.035933	1.654926	131
6327.992955	62.080322	0.035937	1.727487	132
6328.979885	94.060257	0.035935	2.617527	133
6330.079867	59.246632	0.035932	1.648854	134
6331.110809	59.385185	0.035934	1.652634	135
6332.158411	61.354618	0.035934	1.707417	136
6333.194105	59.823524	0.035933	1.664850	137
6334.240425	60.723213	0.035934	1.689862	138
6335.281012	57.753151	0.035934	1.607219	139
6336.321760	60.938217	0.035937	1.695682	140
6337.360181	59.913334	0.035935	1.667248	141
6338.404303	60.594814	0.035934	1.686286	142
6339.440299	61.549641	0.035935	1.712823	143
6340.487876	60.205093	0.035934	1.675452	144
6341.526315	58.894985	0.035934	1.638961	145
6342.570814	58.634174	0.035938	1.631518	146
6343.602840	61.795261	0.035935	1.719656	147
6344.656590	59.955303	0.035938	1.668279	148
6345.687421	59.266388	0.035932	1.649408	149
6346.739467	61.007935	0.035933	1.697826	150
6347.768104	60.135891	0.035937	1.673393	151
6348.824174	60.038857	0.035933	1.670876	152
6349.851169	59.168026	0.035935	1.646550	153
6350.907240	59.446461	0.035935	1.654282	154
6351.933446	59.570465	0.035936	1.657688	155
6352.985874	61.425377	0.035935	1.709332	156
6354.015999	59.899101	0.035934	1.666936	157
6355.066448	62.057182	0.035932	1.727068	158
6356.099102	60.164360	0.035938	1.674107	159
6357.151133	60.158276	0.035937	1.674005	160
6358.186307	57.563877	0.035936	1.601858	161
6359.232429	60.653736	0.035934	1.687917	162
6360.269160	58.122776	0.035933	1.617521	163
6361.314136	60.042686	0.035934	1.670935	164
6362.351749	58.746059	0.035934	1.634814	165
6363.394864	61.355835	0.035936	1.707358	166
6364.433547	58.872238	0.035935	1.638295	167
6365.479364	60.510826	0.035933	1.683969	168
6366.514137	59.397728	0.035935	1.652933	169
6367.562215	60.112122	0.035934	1.672840	170
6368.598009	59.271339	0.035934	1.649469	171
6369.642990	61.281971	0.035933	1.705445	172
6370.677498	60.544521	0.035937	1.684761	173
6371.726098	61.703114	0.035936	1.717035	174
6372.760044	60.063663	0.035933	1.671538	175
6373.811872	60.057236	0.035939	1.671104	176
6374.846580	56.838154	0.035936	1.581642	177
6375.894619	60.903736	0.035934	1.694877	178
6376.922589	60.282124	0.035936	1.677479	179
6377.978550	60.200954	0.035934	1.675299	180
6379.007859	58.082115	0.035937	1.616201	181
6380.062228	59.289188	0.035935	1.649893	182
6381.087430	60.441883	0.035936	1.681909	183
6382.143780	59.702293	0.035933	1.661471	184
6383.172297	59.100491	0.035937	1.644567	185
6384.223857	60.804901	0.035932	1.692214	186
6385.253880	59.818829	0.035938	1.664482	187
6386.306001	60.515125	0.035936	1.683977	188
6387.337976	283.473358	0.035936	7.888331	189
6388.388261	59.689907	0.035935	1.661065	190
6389.424136	58.501690	0.035937	1.627891	191
6390.468720	60.902676	0.035933	1.694908	192
6391.504841	60.062298	0.035938	1.671253	193
