time (s)	energy (uJ)	charge (mC)	voltage (mV)	crossing#mod 255
5348.669816	65.930717	0.035932	1.834886	217
5349.712705	60.816364	0.035938	1.692278	218
5350.748966	62.482094	0.035932	1.738910	219
5351.793346	64.293549	0.035932	1.789312	220
5352.829058	68.214539	0.035934	1.898331	221
5353.871506	66.944702	0.035936	1.862897	222
5354.911148	68.136383	0.035931	1.896317	223
5355.957246	65.703941	0.035933	1.828533	224
5356.996240	63.548431	0.035932	1.768553	225
5358.043223	62.438267	0.035931	1.737735	226
5359.079822	65.304428	0.035934	1.817332	227
5360.122518	68.206268	0.035933	1.898154	228
5361.151652	71.393417	0.035934	1.986770	229
5362.211460	64.091675	0.035937	1.783470	230
5363.244226	64.651230	0.035933	1.799202	231
5364.283807	66.521629	0.035937	1.851038	232
5365.317846	68.217796	0.035935	1.898340	233
5366.375585	136.164429	0.035935	3.789149	234
5367.401659	69.705437	0.035933	1.939897	235
5368.459674	66.210678	0.035933	1.842592	236
5369.486466	67.294426	0.035933	1.872776	237
5370.542760	64.222588	0.035935	1.787197	238
5371.565575	69.986809	0.035935	1.947586	239
5372.624493	64.126862	0.035936	1.784493	240
5373.652692	66.505081	0.035933	1.850810	241
5374.705013	68.672394	0.035935	1.911028	242
5375.733740	69.921822	0.035932	1.945933	243
5376.790272	64.088860	0.035933	1.783542	244
5377.815903	68.602898	0.035935	1.909077	245
5378.869909	67.487457	0.035934	1.878109	246
5379.895951	69.343758	0.035935	1.929689	247
5380.958251	65.388710	0.035935	1.819656	248
5381.980604	70.332901	0.035932	1.957392	249
5383.034214	68.075218	0.035932	1.894540	250
5384.064014	67.605377	0.035934	1.881355	251
5385.118046	68.092003	0.035936	1.894825	252
5386.144060	70.755936	0.035935	1.969010	253
5387.206065	64.638191	0.035935	1.798739	254
5388.235608	65.668854	0.035933	1.827547	255
5389.286759	67.153305	0.035933	1.868850	0
5390.313306	68.521057	0.035936	1.906728	1
5391.366139	66.834930	0.035934	1.859918	2
5392.390803	71.245491	0.035935	1.982624	3
5393.450702	67.060760	0.035935	1.866154	4
5394.479412	67.857391	0.035933	1.888416	5
5395.534344	66.689842	0.035932	1.855987	6
5396.556800	72.240929	0.035934	2.010364	7
5397.616644	65.938950	0.035932	1.835082	8
5398.643396	69.272797	0.035934	1.927799	9
5399.694104	68.450287	0.035933	1.904954	10
5400.726224	69.145096	0.035931	1.924381	11
5401.780272	67.703896	0.035938	1.883932	12
5402.810840	70.265854	0.035937	1.955236	13
5403.860813	68.307220	0.035931	1.901041	14
5404.893614	68.779327	0.035934	1.914031	15
5405.943396	67.294044	0.035933	1.872749	16
5406.974013	69.779686	0.035932	1.941993	17
5408.024468	68.252670	0.035938	1.899199	18
5409.059016	69.806473	0.035931	1.942814	19
5410.105394	69.330460	0.035937	1.929196	20
5411.145157	69.062515	0.035933	1.921993	21
5412.187969	68.288841	0.035934	1.900399	22
5413.221773	69.781242	0.035933	1.942001	23
5414.271774	67.725075	0.035934	1.884696	24
5415.306712	70.226837	0.035933	1.954394	25
5416.351293	69.587204	0.035938	1.936322	26
5417.389577	70.402573	0.035932	1.959306	27
5418.435760	68.820999	0.035934	1.915181	28
5419.471671	70.342033	0.035938	1.957337	29
5420.517473	67.905869	0.035932	1.889827	30
5421.557527	68.231461	0.035934	1.898789	31
5422.603582	67.787689	0.035934	1.886458	32
5423.635593	71.532936	0.035933	1.990745	33
5424.683641	69.095001	0.035935	1.922786	34
5425.721870	69.964775	0.035934	1.947022	35
5426.767736	67.936562	0.035933	1.890650	36
5427.804526	68.679649	0.035935	1.911228	37
5428.844709	70.604156	0.035934	1.964819	38
5429.886450	70.034882	0.035937	1.948820	39
5430.934576	67.964859	0.035933	1.891429	40
5431.971138	69.524124	0.035936	1.934689	41
5433.014014	69.730598	0.035935	1.940440	42
5434.051721	69.603310	0.035936	1.936842	43
5435.094067	69.363937	0.035939	1.930066	44
5436.136006	69.583694	0.035936	1.936303	45
5437.182690	67.936546	0.035938	1.890386	46
5438.212724	71.913315	0.035931	2.001413	47
5439.260887	70.254234	0.035935	1.955030	48
5440.299351	317.666718	0.035933	8.840532	49
5441.343805	69.506081	0.035934	1.934258	50
5442.385497	68.426720	0.035935	1.904187	51
5443.428312	69.814407	0.035933	1.942895	52
5444.460092	72.454231	0.035934	2.016291	53
5445.508905	70.353233	0.035932	1.957947	54
5446.544948	71.069939	0.035932	1.977908	55
5447.593068	69.411850	0.035933	1.931712	56
5448.625376	71.688393	0.035932	1.995087	57
5449.677390	69.236458	0.035936	1.926657	58
5450.706307	69.860207	0.035936	1.943995	59
5451.762046	69.041634	0.035933	1.921395	60
5452.790836	71.906914	0.035938	2.000849	61
5453.844696	68.149918	0.035933	1.896567	62
5454.872968	71.604836	0.035935	1.992595	63
5455.923678	70.523384	0.035938	1.962389	64
5456.953693	72.396301	0.035934	2.014718	65
5458.008038	69.824524	0.035933	1.943167	66
5459.037799	72.138336	0.035938	2.007314	67
5460.092759	69.341125	0.035933	1.929707	68
5461.120695	71.476463	0.035933	1.989161	69
5462.171207	71.048561	0.035934	1.977215	70
5463.201754	72.199692	0.035932	2.009356	71
5464.255697	69.654686	0.035933	1.938463	72
5465.282320	73.454773	0.035935	2.044075	73
5466.336348	70.701302	0.035934	1.967529	74
5467.366829	72.041588	0.035931	2.004979	75
5468.422657	69.356842	0.035933	1.930164	76
5469.446667	74.091270	0.035932	2.061997	77
5470.504707	68.963020	0.035933	1.919202	78
5471.530809	72.910576	0.035935	2.028965	79
5472.583020	71.238205	0.035931	1.982658	80
5473.616851	71.716507	0.035935	1.995725	81
5474.667814	70.534256	0.035932	1.962969	82
5475.699847	71.220535	0.035932	1.982074	83
5476.752020	69.533455	0.035934	1.935058	84
5477.782382	71.222069	0.035931	1.982190	85
5478.835374	69.386093	0.035934	1.930933	86
5479.860000	73.747818	0.035936	2.052179	87
5480.914049	70.375229	0.035934	1.958445	88
5481.948062	71.237595	0.035935	1.982400	89
5482.996419	70.334724	0.035934	1.957357	90
5484.030052	71.670563	0.035931	1.994692	91
5485.078148	71.835449	0.035936	1.998987	92
5486.112188	71.988976	0.035936	2.003235	93
5487.158446	71.945808	0.035933	2.002204	94
5488.196202	71.674683	0.035931	1.994808	95
5489.242537	71.177574	0.035937	1.980647	96
5490.276286	73.209984	0.035932	2.037486	97
5491.328776	69.319290	0.035933	1.929133	98
5492.364837	70.719696	0.035934	1.968065	99
5493.407577	71.221649	0.035933	1.982087	100
5494.441459	73.282616	0.035935	2.039318	101
5495.489710	71.097664	0.035933	1.978625	102
5496.524707	73.108849	0.035932	2.034648	103
5497.572524	71.044518	0.035939	1.976820	104
5498.609384	72.382446	0.035935	2.014260	105
5499.655825	70.539040	0.035933	1.963065	106
5500.691970	72.506279	0.035937	2.017599	107
5501.734559	72.233940	0.035935	2.010129	108
5502.772562	73.184753	0.035935	2.036576	109
5503.820483	70.511063	0.035937	1.962047	110
5504.858518	71.918831	0.035936	2.001295	111
5505.900772	71.793488	0.035933	1.997978	112
5506.938940	72.944366	0.035933	2.030021	113
5507.980826	74.267349	0.035934	2.066751	114
5509.024916	71.220444	0.035932	1.982100	115
5510.064971	72.195435	0.035934	2.009129	116
5511.101077	72.649017	0.035934	2.021734	117
5512.148985	71.406181	0.035935	1.987090	118
5513.186045	73.379921	0.035936	2.041944	119
5514.229981	72.179070	0.035931	2.008805	120
5515.269797	72.705444	0.035934	2.023290	121
5516.315846	71.476479	0.035936	1.989009	122
5517.354827	71.542130	0.035935	1.990880	123
5518.395690	72.240410	0.035932	2.010456	124
5519.435813	72.231537	0.035933	2.010194	125
5520.477520	72.864265	0.035934	2.027711	126
5521.515758	73.330360	0.035935	2.040663	127
5522.561556	71.785278	0.035932	1.997804	128
5523.599540	72.790047	0.035938	2.025445	129
5524.644875	71.242409	0.035933	1.982657	130
5525.681433	72.985985	0.035933	2.031197	131
5526.727527	71.794342	0.035935	1.997892	132
5527.764199	152.724182	0.035937	4.249810	133
5528.808441	72.300743	0.035932	2.012149	134
5529.843144	75.496666	0.035933	2.101013	135
5530.890998	72.088791	0.035935	2.006068	136
5531.928831	72.670868	0.035936	2.022203	137
5532.975441	71.428108	0.035932	1.987844	138
5534.007620	74.917122	0.035931	2.085013	139
5535.063415	69.334381	0.035937	1.929311	140
5536.091985	73.740135	0.035933	2.052131	141
5537.138810	72.372253	0.035932	2.014126	142
5538.176641	72.259079	0.035929	2.011150	143
5539.223499	71.521248	0.035934	1.990357	144
5540.255228	74.298012	0.035934	2.067644	145
5541.308000	71.060471	0.035934	1.977525	146
5542.339769	73.265694	0.035933	2.038976	147
5543.389841	71.745224	0.035933	1.996661	148
5544.420780	73.737694	0.035938	2.051811	149
5545.473783	70.774849	0.035934	1.969592	150
5546.502141	74.921295	0.035938	2.084756	151
5547.556137	71.134865	0.035936	1.979503	152
5548.586475	73.651253	0.035936	2.049519	153
5549.637096	71.949219	0.035936	2.002154	154
5550.667636	73.882149	0.035933	2.056107	155
5551.721661	70.587242	0.035932	1.964474	156
5552.752205	73.312698	0.035933	2.040269	157
5553.802248	71.668091	0.035934	1.994454	158
5554.834824	73.405647	0.035932	2.042901	159
5555.885791	71.255692	0.035933	1.983039	160
5556.914713	75.015045	0.035938	2.087353	161
5557.964657	72.487625	0.035933	2.017285	162
5558.998676	73.897392	0.035932	2.056570	163
5560.047266	72.628159	0.035936	2.021014	164
5561.080988	73.909164	0.035932	2.056914	165
5562.131257	71.918045	0.035934	2.001370	166
5563.165535	73.163643	0.035935	2.035999	167
5564.214128	71.566788	0.035932	1.991739	168
5565.244664	71.477570	0.035932	1.989258	169
5566.292921	71.385918	0.035936	1.986470	170
5567.329247	73.794914	0.035939	2.053313	171
5568.378787	71.096931	0.035932	1.978655	172
5569.415349	72.294388	0.035933	2.011899	173
5570.461366	71.362854	0.035934	1.985925	174
5571.492160	75.512520	0.035934	2.101442	175
5572.542009	71.688324	0.035931	1.995170	176
5573.580052	72.455948	0.035937	2.016206	177
5574.622869	72.465965	0.035931	2.016790	178
5575.661518	72.577919	0.035934	2.019770	179
5576.705489	72.739143	0.035932	2.024354	180
5577.741505	74.785103	0.035933	2.081260	181
5578.787566	72.674713	0.035935	2.022410	182
5579.825367	71.673279	0.035933	1.994655	183
5580.870191	72.387772	0.035933	2.014510	184
5581.909939	72.205444	0.035931	2.009545	185
5582.950325	73.988281	0.035933	2.059082	186
5583.990362	73.816612	0.035933	2.054298	187
5585.036424	72.230736	0.035935	2.010032	188
5586.072745	73.821053	0.035934	2.054337	189
5587.118860	71.707520	0.035937	1.995392	190
5588.154881	73.872551	0.035931	2.055972	191
5589.201296	71.980034	0.035936	2.003029	192
5590.237551	74.450691	0.035937	2.071729	193
5591.283605	72.668304	0.035934	2.022285	194
5592.321630	72.435532	0.035932	2.015882	195
5593.365666	72.711891	0.035936	2.023394	196
5594.402098	74.637505	0.035938	2.076863	197
5595.448090	72.375168	0.035936	2.014015	198
5596.486584	71.292442	0.035933	1.984032	199
5597.528774	73.305367	0.035932	2.040117	200
5598.568531	73.239571	0.035931	2.038319	201
5599.610891	73.161957	0.035935	2.035932	202
5600.650829	73.258110	0.035934	2.038683	203
5601.697087	71.602470	0.035935	1.992548	204
5602.733896	73.043724	0.035936	2.032585	205
5603.779755	71.785164	0.035937	1.997546	206
5604.814073	74.509773	0.035934	2.073535	207
5605.858530	73.248589	0.035937	2.038254	208
5606.898393	73.224236	0.035933	2.037778	209
5607.945010	71.607178	0.035933	1.992799	210
5608.981646	73.011635	0.035936	2.031727	211
5610.025641	72.201904	0.035931	2.009465	212
5611.059978	74.995087	0.035934	2.087041	213
5612.110678	71.247169	0.035934	1.982732	214
5613.143240	73.941040	0.035932	2.057787	215
5614.191465	71.492767	0.035933	1.989620	216
5615.225556	73.953270	0.035933	2.058074	217
5616.275428	71.744621	0.035932	1.996677	218
5617.308371	73.836227	0.035933	2.054854	219
5618.354942	73.146835	0.035934	2.035591	220
5619.390974	73.926208	0.035935	2.057244	221
5620.439756	71.568687	0.035935	1.991612	222
5621.472354	73.836945	0.035931	2.054945	223
5622.522133	72.333664	0.035934	2.012986	224
5623.557114	73.006149	0.035936	2.031561	225
5624.605186	71.184402	0.035936	1.980888	226
5625.635586	75.812881	0.035937	2.109594	227
5626.687717	287.523315	0.035933	8.001566	228
5627.717756	75.407875	0.035928	2.098842	229
5628.769776	71.633980	0.035936	1.993371	230
5629.800414	75.572777	0.035933	2.103137	231
5630.851414	72.310623	0.035933	2.012356	232
5631.885055	74.189232	0.035935	2.064559	233
5632.935575	71.113586	0.035935	1.978965	234
5633.967591	74.292320	0.035935	2.067396	235
5635.015909	71.930908	0.035938	2.001512	236
5636.048036	74.790993	0.035935	2.081264	237
5637.099784	71.398766	0.035933	1.986970	238
5638.133833	73.635109	0.035935	2.049094	239
5639.181853	72.547806	0.035932	2.019037	240
5640.214832	74.385208	0.035933	2.070137	241
5641.263391	72.278908	0.035937	2.011280	242
5642.295713	76.025063	0.035933	2.115717	243
5643.345667	70.925423	0.035932	1.973900	244
5644.380197	74.366951	0.035934	2.069543	245
5645.428581	71.336823	0.035934	1.985226	246
5646.465156	73.039803	0.035934	2.032604	247
5647.509649	71.752571	0.035931	1.996930	248
5648.545696	74.436783	0.035931	2.071673	249
5649.590124	72.678238	0.035934	2.022520	250
5650.627836	73.368156	0.035937	2.041564	251
5651.675919	71.037521	0.035932	1.976992	252
