num crossings	time (s)	maj axis (mm)	min axis (mm)	theta (rad )	slope (V/s)
4309	5343.203804	36.367500	-9.129988	2.336234	2.748515
4313	5347.359795	36.130395	-9.033795	2.333827	2.679463
4315	5349.449371	36.703638	-8.721839	2.328567	2.544609
4317	5351.530653	36.221771	-8.727794	2.329168	2.549867
4319	5353.608779	36.426901	-8.730379	2.327062	3.133294
4321	5355.693696	35.597446	-9.296478	2.329850	2.454246
4323	5357.779424	38.789400	8.555850	2.291599	2.456460
4325	5359.858392	37.544818	-8.677413	2.302393	2.769620
4327	5361.943988	36.530539	-8.598891	2.328740	2.820042
4329	5364.021297	36.619728	-8.570025	2.322246	2.980325
4331	5366.110723	36.730563	-8.490137	2.325448	2.386982
4333	5368.194011	38.918876	8.422554	2.284955	3.074073
4335	5370.276969	36.946861	-8.432909	2.319552	3.006669
4337	5372.360807	36.775415	-8.290119	2.316442	3.058186
4339	5374.441827	36.580496	-8.211895	2.310213	2.771820
4341	5376.526189	37.027898	-7.805597	2.316779	2.838904
4343	5378.606392	39.571771	-3.765370	2.283720	3.033207
4345	5380.692943	37.187964	-8.069580	2.291787	2.664174
4347	5382.772155	36.991596	-7.973843	2.308361	2.932679
4349	5384.854738	36.206381	-2.569815	2.273155	2.971145
4351	5386.941447	37.243625	-7.792480	2.311506	2.900361
4353	5389.021455	36.892117	-7.803843	2.308081	2.908698
4355	5391.104057	36.124415	-7.745596	2.286543	2.852605
4357	5393.187174	37.151778	-7.649742	2.299871	3.140946
4359	5395.270402	37.530724	-7.194718	2.302995	2.700178
4361	5397.351758	37.410573	-7.501091	2.306745	2.959981
4363	5399.430806	37.356329	-7.496925	2.303556	3.183824
4365	5401.515341	40.080366	7.679100	2.264796	3.046006
4367	5403.597369	39.963184	7.528228	2.266398	2.940602
4369	5405.679168	37.438647	-7.363661	2.298934	3.031131
4371	5407.761450	36.528844	-7.289884	2.274732	2.857722
4373	5409.842079	36.849208	-6.837150	2.297603	3.205388
4375	5411.925157	37.676054	-6.807580	2.291692	2.775647
4377	5414.007794	37.746268	-6.365346	2.310667	3.135760
4379	5416.087646	37.779977	-7.202241	2.287571	3.318290
4381	5418.171926	37.567999	-6.952896	2.286245	3.018813
4383	5420.253953	38.004951	-6.934241	2.288056	2.977088
4385	5422.338098	40.542554	6.873680	2.258763	3.216802
4387	5424.420482	40.222551	6.622394	2.258159	3.225825
4389	5426.503208	37.992283	-6.886497	2.281730	3.151410
4391	5428.581998	37.745738	-6.669967	2.279086	3.107923
4393	5430.668113	37.883411	-5.632557	2.281050	3.026154
4395	5432.750469	38.354389	-6.547819	2.259700	2.830811
4397	5434.831005	37.778303	-6.184712	2.279268	3.255848
4399	5436.916545	37.948086	-6.397099	2.282462	3.372158
4401	5438.997992	38.612080	-6.377328	2.256618	3.161918
4403	5441.080335	37.846369	-5.992782	2.277745	3.156012
4405	5443.165094	37.991805	-5.840370	2.276858	3.131678
4407	5445.246641	37.287187	-5.840568	2.277360	3.223154
4409	5447.330305	38.221319	-6.096423	2.272688	3.169404
4411	5449.413035	37.748609	-3.459181	2.264715	3.150175
4413	5451.497567	38.389232	-6.151138	2.271294	3.354624
4415	5453.578978	38.451176	-6.140361	2.269459	3.198611
4417	5455.659907	38.716390	-5.907098	2.272408	3.274549
4419	5457.744547	39.143643	-5.772737	2.248159	3.253001
4421	5459.829100	38.592563	-5.590679	2.263530	3.232196
4423	5461.907892	38.644412	-5.659793	2.264717	3.545290
4425	5463.992257	38.401242	-5.604573	2.261861	3.231881
4427	5466.073113	38.497524	-5.560427	2.260263	3.357604
4429	5468.158709	38.829774	-5.513283	2.266287	3.211765
4431	5470.241266	41.234241	5.463999	2.228715	3.290935
4433	5472.321165	38.773190	-5.408513	2.258635	3.450063
4435	5474.403232	38.860378	-1.683058	2.240299	3.492834
4437	5476.488221	38.324074	-5.187124	2.242102	3.296500
4439	5478.570648	37.694704	-5.329632	2.257150	3.412042
4441	5480.649766	42.359720	5.366138	2.234436	3.348338
4443	5482.732965	38.581305	-5.025426	2.239710	3.258411
4445	5484.813614	36.650723	-4.946753	2.257437	3.420406
4447	5486.895981	39.431971	-4.983414	2.236118	3.551355
4449	5488.979358	38.383625	-4.546328	2.258679	3.272910
4451	5491.062904	39.597761	-2.887564	2.258195	3.660198
4453	5493.143637	39.549189	-4.853216	2.232467	3.581399
4455	5495.226458	38.936286	-4.324760	2.254826	3.435960
4457	5497.307668	39.047797	-4.727289	2.256006	3.399786
4459	5499.390714	39.096463	-4.654140	2.249600	3.464273
4461	5501.472037	39.168354	-4.598447	2.248813	3.480867
4463	5503.556058	39.133039	-4.563702	2.250715	3.528337
4465	5505.638446	39.498199	-4.441418	2.230465	3.442949
4467	5507.718244	39.151078	-4.411096	2.245109	3.634219
4469	5509.801650	39.118152	-4.360544	2.243932	3.527216
4471	5511.886238	39.212428	-4.295321	2.243776	3.592699
4473	5513.967683	39.242436	-4.239710	2.243581	3.540305
4475	5516.051109	38.938261	-4.379167	2.245362	3.391041
4477	5518.133342	40.610344	-4.121569	2.224503	3.514040
4479	5520.214194	39.388112	-4.094147	2.246061	3.667689
4481	5522.297493	39.245683	-4.214900	2.242281	3.513923
4483	5524.381272	36.788807	-3.910083	2.227468	3.595421
4485	5526.464016	39.532009	-3.889633	2.240249	3.391606
4487	5528.546428	39.674014	-3.414890	2.242468	3.657568
4489	5530.628076	39.673097	-3.769540	2.239222	3.594144
4491	5532.711475	38.041434	-2.742233	2.241896	3.427985
4493	5534.796188	39.540352	-3.888599	2.238538	3.573677
4495	5536.876351	40.218761	-3.595740	2.219804	3.664815
4497	5538.959833	40.052818	-3.148557	2.238913	3.696409
4499	5541.044214	39.492879	-3.301940	2.235818	3.650136
4501	5543.125270	39.488347	-1.228028	2.231252	3.793849
4503	5545.209571	42.463728	3.812957	2.203230	3.534420
4505	5547.292717	39.835675	-3.351216	2.232516	3.649551
4507	5549.373156	40.343043	-0.547483	2.221831	3.609115
4509	5551.457312	39.998233	-3.355085	2.236273	3.648492
4511	5553.536908	42.807634	3.264805	2.202072	3.761921
4513	5555.620099	42.857045	3.182365	2.202225	3.680456
4515	5557.702083	40.111926	-3.078407	2.230114	3.749343
4517	5559.784461	40.212273	-3.013388	2.229769	3.713920
4519	5561.867855	39.801028	-2.557932	2.233328	3.702086
4521	5563.949446	40.135987	-2.945672	2.234582	3.791021
4523	5566.030147	40.675969	-2.820099	2.212416	3.714726
4525	5568.114162	39.986921	-2.827799	2.232795	3.736667
4527	5570.196468	42.959044	2.951099	2.201776	3.650482
4529	5572.279035	40.261107	-2.984624	2.226906	3.830232
4531	5574.360451	40.254070	-2.571520	2.211800	3.793388
4533	5576.442812	40.335918	-2.587349	2.225856	3.649509
4535	5578.524827	40.312502	-2.532584	2.225834	3.648203
4537	5580.607036	40.051871	-2.080150	2.229141	3.630692
4539	5582.687662	40.068464	-1.979673	2.229644	3.709666
4541	5584.772693	40.263697	-2.380803	2.224230	3.697051
4543	5586.853861	40.315608	-1.670411	2.234790	3.795841
4545	5588.937597	38.827551	-2.274343	2.208269	3.770171
4547	5591.017848	40.161054	-1.816508	2.235251	3.719478
4549	5593.100480	43.266198	2.228247	2.199574	3.766352
4551	5595.183968	40.579757	-2.145157	2.221623	3.626955
4553	5597.265970	40.523500	-2.065626	2.221188	3.772255
4555	5599.348298	40.331636	-1.613149	2.224148	3.861640
4557	5601.433209	40.585053	-1.968739	2.220378	3.741416
4559	5603.515299	40.728657	-1.965418	2.224596	3.643722
4561	5605.596171	40.741088	-1.896586	2.220286	4.048473
4563	5607.681267	42.364222	-0.976141	2.230910	3.705129
4565	5609.762494	41.003095	-2.065794	2.219112	3.966073
4567	5611.845831	41.002574	-2.014101	2.218447	3.919666
4569	5613.928396	41.165486	-1.533936	2.206011	3.795488
4571	5616.009527	40.785140	-1.672672	2.222676	3.794551
4573	5618.091206	43.687024	1.668997	2.188568	3.774587
4575	5620.176371	41.393787	-1.412819	2.203065	3.834040
4577	5622.258162	40.858085	-1.510213	2.221719	3.864029
4579	5624.341465	43.949020	2.637627	2.185738	3.872602
4581	5626.423093	41.313015	-1.623638	2.216760	4.045707
4583	5628.505655	43.520816	1.442417	2.188083	3.812439
4585	5630.587685	41.791857	-1.223190	2.199526	3.948948
4587	5632.671623	41.564104	2.037104	2.202260	3.792531
4589	5634.753113	41.706105	-1.118322	2.199580	3.886666
4591	5636.835994	41.158555	-1.163513	2.219620	3.717051
4593	5638.918179	43.294272	2.155429	2.187862	3.910453
4595	5640.999297	44.104942	1.158598	2.185474	3.828125
4597	5643.083007	41.209067	-1.023427	2.213753	3.815022
4599	5645.164967	41.204895	-0.991372	2.218443	4.028453
4601	5647.246080	44.182775	1.610793	2.183577	3.902114
4603	5649.327303	40.539693	-0.740477	2.199942	3.958752
