time (s)	energy (uJ)	charge (mC)	voltage (mV)	crossing#mod 255
1409.078006	124.355515	0.035935	3.460586	128
1410.118685	133.059387	0.035936	3.702726	129
1411.199696	73.366760	0.035935	2.041671	130
1412.198507	130.835800	0.035936	3.640835	131
281474976.710655	NaN	0.035936	NaN	132
281474976.710655	NaN	0.035936	NaN	133
1415.317973	135.986389	0.035935	3.784227	134
1416.355860	143.075500	0.035934	3.981605	135
1417.402137	138.728485	0.035934	3.860598	136
1418.449327	131.916946	0.035935	3.671019	137
1419.502778	120.529678	0.035935	3.354129	138
1420.497393	165.992554	0.035936	4.619108	139
1421.566277	140.957230	0.035933	3.922733	140
1422.531449	156.959854	0.035937	4.367608	141
1423.655804	132.544327	0.035939	3.688010	142
1424.721666	111.266350	0.035934	3.096387	143
1425.739136	134.139465	0.035933	3.733023	144
1426.818072	93.056061	0.035935	2.589561	145
1427.908942	44.683609	0.035935	1.243464	146
1428.866004	135.639420	0.035936	3.774430	147
1429.901586	138.538971	0.035934	3.855401	148
1430.958845	122.797081	0.035937	3.417005	149
1432.000417	121.107613	0.035934	3.370279	150
1433.020078	150.119156	0.035934	4.177668	151
1434.031453	179.012238	0.035939	4.981040	152
1435.115077	132.355927	0.035936	3.683134	153
1436.153777	134.361694	0.035939	3.738606	154
1437.202816	130.528671	0.035933	3.632533	155
1438.236254	133.328659	0.035934	3.710341	156
1439.283703	131.580994	0.035935	3.661673	157
1440.322992	131.980469	0.035935	3.672769	158
1441.382046	113.197762	0.035934	3.150147	159
1442.404949	133.795029	0.035935	3.723257	160
1443.450325	129.580536	0.035935	3.605931	161
1444.502550	117.182335	0.035937	3.260805	162
1445.531856	131.372604	0.035937	3.655602	163
1446.585196	117.486977	0.035934	3.269540	164
1447.656196	91.139351	0.035934	2.536298	165
1448.653629	135.052612	0.035935	3.758210	166
1449.660711	177.389343	0.035935	4.936412	167
1450.757082	109.754555	0.035934	3.054377	168
1451.870790	28.485058	0.035938	0.792622	169
1452.820950	131.615128	0.035939	3.662194	170
1453.866982	132.327621	0.035934	3.682492	171
1454.899636	135.558472	0.035940	3.771763	172
1455.950409	132.258575	0.035940	3.679935	173
1456.985437	129.166656	0.035938	3.594167	174
1458.037303	127.983147	0.035935	3.561528	175
1459.069962	128.291748	0.035939	3.569690	176
1459.986477	90.286247	0.035934	2.512558	177
1461.154101	126.114975	0.035936	3.509453	178
1462.197762	136.834946	0.035934	3.807915	179
1463.240414	121.457214	0.035939	3.379527	180
1464.284400	130.664948	0.035937	3.635977	181
1465.318481	131.187729	0.035938	3.650433	182
1466.322215	189.792725	0.035934	5.281693	183
1467.405769	125.264252	0.035936	3.485764	184
1468.451839	128.280045	0.035934	3.569851	185
1469.524970	79.588242	0.035938	2.214623	186
1470.535201	127.424370	0.035937	3.545768	187
1471.566365	131.626999	0.035934	3.662975	188
1472.607652	142.393906	0.035937	3.962327	189
1473.644560	140.286591	0.035935	3.903883	190
1474.697089	132.724899	0.035938	3.693114	191
1475.751072	108.307556	0.035935	3.014013	192
1476.864739	57.856190	0.035935	1.610027	193
1477.834457	168.256424	0.035936	4.682110	194
1478.881811	108.514900	0.035937	3.019549	195
1479.915117	110.168343	0.035937	3.065620	196
1480.949108	130.284271	0.035937	3.625373	197
1481.989846	120.135422	0.035938	3.342869	198
1483.035434	125.339844	0.035936	3.487837	199
1484.082375	108.346352	0.035935	3.015039	200
1485.118912	122.753792	0.035936	3.415902	201
1486.151948	124.404480	0.035938	3.461635	202
1487.203594	122.540627	0.035935	3.410088	203
1488.248466	106.137703	0.035934	2.953695	204
1489.260059	165.974380	0.035939	4.618201	205
1490.340247	93.645561	0.035937	2.605857	206
1491.369480	123.159218	0.035934	3.427386	207
1492.400623	125.235741	0.035932	3.485357	208
1493.449082	128.024765	0.035933	3.562894	209
1494.482635	126.011299	0.035935	3.506659	210
1495.541681	114.943520	0.035935	3.198647	211
1496.568802	124.132782	0.035935	3.454371	212
1497.615307	125.299034	0.035938	3.486531	213
1498.666015	104.076508	0.035934	2.896303	214
1499.702220	119.467796	0.035934	3.324651	215
1500.757101	94.432144	0.035934	2.627946	216
1501.768107	144.889175	0.035933	4.032177	217
1502.821710	118.330894	0.035935	3.292942	218
1503.882356	98.805801	0.035932	2.749774	219
1504.916566	104.361336	0.035939	2.903836	220
1505.948209	121.715538	0.035938	3.386845	221
1506.989976	117.882141	0.035934	3.280524	222
1507.981775	195.866104	0.035939	5.449923	223
1509.072935	118.756424	0.035937	3.304591	224
1510.132128	96.272682	0.035935	2.679090	225
1511.168111	101.229576	0.035937	2.816870	226
1512.197861	118.006973	0.035935	3.283882	227
1513.240782	114.945061	0.035940	3.198291	228
1514.293097	102.108917	0.035935	2.841506	229
1515.310872	135.637360	0.035935	3.774501	230
1516.359977	123.723007	0.035935	3.443007	231
1517.442701	62.451893	0.035936	1.737848	232
1518.459556	101.617561	0.035933	2.828008	233
1519.484465	123.351143	0.035934	3.432673	234
1520.542233	101.576881	0.035933	2.826849	235
1521.595793	84.161423	0.035937	2.341948	236
1522.614460	117.945778	0.035933	3.282408	237
1523.552886	187.594269	0.035936	5.220233	238
1524.710650	97.756332	0.035939	2.720075	239
1525.791980	50.241528	0.035937	1.398046	240
1526.783213	112.032654	0.035935	3.117674	241
1527.815441	125.063507	0.035935	3.480318	242
1528.860209	120.193375	0.035933	3.344933	243
1529.900393	121.928482	0.035938	3.392763	244
1530.947990	112.773720	0.035940	3.137810	245
1531.978706	129.417191	0.035934	3.601551	246
1533.009865	148.803619	0.035936	4.140753	247
1534.070009	117.563156	0.035933	3.271717	248
1535.114471	112.659096	0.035936	3.134950	249
1536.154241	113.235138	0.035934	3.151221	250
1537.209672	96.034592	0.035933	2.672565	251
1538.237120	113.189148	0.035937	3.149633	252
1539.270672	128.228424	0.035935	3.568393	253
1540.319724	111.435875	0.035936	3.100975	254
1541.364120	113.029388	0.035940	3.144984	255
1542.401787	111.884346	0.035939	3.113169	0
1543.447784	112.181038	0.035933	3.121914	1
1544.497135	94.129715	0.035940	2.619096	2
1545.544757	94.096184	0.035934	2.618566	3
1546.562943	118.051422	0.035934	3.285206	4
1547.626621	96.898376	0.035936	2.696381	5
1548.649282	112.310959	0.035934	3.125505	6
1549.721727	80.367409	0.035934	2.236502	7
1550.743903	94.780502	0.035936	2.637456	8
1551.800500	93.065582	0.035934	2.589924	9
1552.828223	91.663315	0.035936	2.550752	10
1553.888755	79.924858	0.035934	2.224187	11
1554.893298	118.120934	0.035938	3.286792	12
1555.940902	123.014320	0.035939	3.422843	13
1556.909645	222.775696	0.035936	6.199157	14
1558.031444	112.031883	0.035938	3.117380	15
1559.063708	111.667542	0.035938	3.107219	16
1560.108444	120.497711	0.035937	3.353057	17
1561.148159	108.719040	0.035933	3.025587	18
1562.191838	119.990944	0.035934	3.339204	19
1563.231956	106.498917	0.035935	2.963651	20
1564.240694	185.977219	0.035934	5.175548	21
1565.327674	88.954155	0.035933	2.475522	22
1566.356471	121.904327	0.035940	3.391904	23
1567.408891	92.715622	0.035934	2.580146	24
1568.445133	112.632721	0.035937	3.134188	25
1569.477743	112.861153	0.035936	3.140659	26
1570.529494	109.283630	0.035938	3.040873	27
1571.564271	105.045074	0.035932	2.923418	28
1572.588955	153.444519	0.035934	4.270155	29
1573.635859	125.235497	0.035936	3.484982	30
1574.742700	52.140484	0.035934	1.450993	31
1575.742815	88.501099	0.035940	2.462500	32
1576.790188	92.439751	0.035940	2.572087	33
1577.798655	132.456940	0.035934	3.686110	34
1578.863446	103.739769	0.035935	2.886899	35
1579.870585	155.011459	0.035938	4.313347	36
1580.945486	108.198914	0.035937	3.010814	37
1581.970624	120.347214	0.035936	3.348896	38
1583.030427	105.756554	0.035937	2.942837	39
1584.084886	78.059723	0.035934	2.172322	40
1585.111583	106.313751	0.035934	2.958570	41
1586.145437	105.819305	0.035938	2.944461	42
1587.180190	130.148148	0.035939	3.621371	43
1588.190473	183.081528	0.035934	5.094908	44
1589.277988	103.940628	0.035937	2.892339	45
1590.326677	84.492538	0.035936	2.351197	46
1591.357413	108.223671	0.035937	3.011485	47
1592.417840	73.213417	0.035935	2.037377	48
1593.436341	115.239494	0.035937	3.206713	49
1594.506924	66.804062	0.035934	1.859065	50
1595.526193	101.903938	0.035938	2.835543	51
1596.563243	102.892197	0.035936	2.863189	52
