crossing time (s)	slope (V/s)	crossing number
281474976710655.000000	7.259038	638	0.000000
281474976710655.000000	7.320749	639	0.000000
281474976710655.000000	7.132817	640	1409063552.000000
281474976710655.000000	7.358141	641	1410117632.000000
281474976710655.000000	7.492640	642	1411147904.000000
281474976710655.000000	7.335521	643	1412199040.000000
281474976710655.000000	7.293353	644	1413232128.000000
281474976710655.000000	7.770553	645	1414283392.000000
281474976710655.000000	7.699407	646	1415316992.000000
281474976710655.000000	7.665466	647	1416363904.000000
281474976710655.000000	7.794546	648	1417401216.000000
281474976710655.000000	7.895755	649	1418447744.000000
281474976710655.000000	7.913761	650	1419487104.000000
281474976710655.000000	7.832139	651	1420529152.000000
281474976710655.000000	7.675110	652	1421571712.000000
281474976710655.000000	8.068889	653	1422613248.000000
281474976710655.000000	7.910009	654	1423654784.000000
281474976710655.000000	7.853500	655	1424696960.000000
281474976710655.000000	7.886432	656	1425738880.000000
281474976710655.000000	8.269803	657	1426781184.000000
281474976710655.000000	8.129722	658	1427821312.000000
281474976710655.000000	8.037379	659	1428865152.000000
281474976710655.000000	8.295792	660	1429904256.000000
281474976710655.000000	8.216514	661	1430947840.000000
281474976710655.000000	8.266771	662	1431988736.000000
281474976710655.000000	8.378421	663	1433032064.000000
281474976710655.000000	8.541850	664	1434071808.000000
281474976710655.000000	8.377666	665	1435115392.000000
281474976710655.000000	8.438759	666	1436155264.000000
281474976710655.000000	8.537713	667	1437199872.000000
281474976710655.000000	8.520325	668	1438239232.000000
281474976710655.000000	8.392981	669	1439282432.000000
281474976710655.000000	8.658911	670	1440322176.000000
281474976710655.000000	8.636259	671	1441365504.000000
281474976710655.000000	8.607257	672	1442406016.000000
281474976710655.000000	8.699324	673	1443448704.000000
281474976710655.000000	8.915927	674	1444489344.000000
281474976710655.000000	8.836335	675	1445532928.000000
281474976710655.000000	8.963562	676	1446572160.000000
281474976710655.000000	8.960323	677	1447616128.000000
281474976710655.000000	9.146693	678	1448655360.000000
281474976710655.000000	9.171839	679	1449700480.000000
281474976710655.000000	9.075238	680	1450737792.000000
281474976710655.000000	9.116406	681	1451784832.000000
281474976710655.000000	9.222320	682	1452820480.000000
281474976710655.000000	8.976547	683	1453869696.000000
281474976710655.000000	9.113252	684	1454901632.000000
281474976710655.000000	9.261468	685	1455953536.000000
281474976710655.000000	9.360801	686	1456984320.000000
281474976710655.000000	9.159410	687	1458036480.000000
281474976710655.000000	9.399487	688	1459068928.000000
281474976710655.000000	9.446843	689	1460121216.000000
281474976710655.000000	9.392859	690	1461152896.000000
281474976710655.000000	9.521986	691	1462203904.000000
281474976710655.000000	9.469070	692	1463237248.000000
281474976710655.000000	9.801750	693	1464286208.000000
281474976710655.000000	9.675838	694	1465320576.000000
281474976710655.000000	9.672743	695	1466369408.000000
281474976710655.000000	9.804215	696	1467404416.000000
281474976710655.000000	9.905287	697	1468451840.000000
281474976710655.000000	9.979489	698	1469488256.000000
281474976710655.000000	9.935176	699	1470534528.000000
281474976710655.000000	9.877710	700	1471571584.000000
281474976710655.000000	9.750711	701	1472617984.000000
281474976710655.000000	9.924754	702	1473655680.000000
281474976710655.000000	10.133548	703	1474701952.000000
281474976710655.000000	10.110929	704	1475738368.000000
281474976710655.000000	10.047789	705	1476785152.000000
281474976710655.000000	10.128510	706	1477821952.000000
281474976710655.000000	10.190032	707	1478868480.000000
281474976710655.000000	10.226718	708	1479904256.000000
281474976710655.000000	10.090993	709	1480951680.000000
281474976710655.000000	10.247425	710	1481988480.000000
281474976710655.000000	10.330980	711	1483034624.000000
281474976710655.000000	10.427352	712	1484071168.000000
281474976710655.000000	10.393356	713	1485118464.000000
281474976710655.000000	10.538856	714	1486153856.000000
281474976710655.000000	10.426601	715	1487202560.000000
281474976710655.000000	10.480254	716	1488236672.000000
281474976710655.000000	10.380905	717	1489285760.000000
281474976710655.000000	10.474203	718	1490319360.000000
281474976710655.000000	10.492285	719	1491369600.000000
281474976710655.000000	10.401967	720	1492403200.000000
281474976710655.000000	10.518607	721	1493453568.000000
281474976710655.000000	10.339503	722	1494485376.000000
281474976710655.000000	10.523184	723	1495536512.000000
281474976710655.000000	10.640576	724	1496569216.000000
281474976710655.000000	10.693218	725	1497618816.000000
281474976710655.000000	10.692897	726	1498652672.000000
281474976710655.000000	10.760547	727	1499701504.000000
281474976710655.000000	10.735835	728	1500736384.000000
281474976710655.000000	11.049952	729	1501783936.000000
281474976710655.000000	10.795613	730	1502821120.000000
281474976710655.000000	10.984482	731	1503867264.000000
281474976710655.000000	10.984347	732	1504904960.000000
281474976710655.000000	11.207101	733	1505950080.000000
281474976710655.000000	11.127121	734	1506988800.000000
281474976710655.000000	11.097257	735	1508031872.000000
281474976710655.000000	11.217967	736	1509073024.000000
281474976710655.000000	11.091030	737	1510115200.000000
281474976710655.000000	11.044440	738	1511155712.000000
281474976710655.000000	11.188745	739	1512197760.000000
281474976710655.000000	11.258853	740	1513239680.000000
281474976710655.000000	11.170148	741	1514281600.000000
281474976710655.000000	11.253745	742	1515322368.000000
281474976710655.000000	11.142324	743	1516364672.000000
281474976710655.000000	11.285722	744	1517405952.000000
281474976710655.000000	11.069226	745	1518448000.000000
281474976710655.000000	11.555724	746	1519488896.000000
281474976710655.000000	11.506187	747	1520530432.000000
281474976710655.000000	11.448739	748	1521572096.000000
281474976710655.000000	11.533694	749	1522613888.000000
281474976710655.000000	11.539671	750	1523654528.000000
281474976710655.000000	11.408409	751	1524697216.000000
281474976710655.000000	11.492001	752	1525738240.000000
281474976710655.000000	11.403339	753	1526780288.000000
281474976710655.000000	11.750347	754	1527820928.000000
281474976710655.000000	11.500514	755	1528863360.000000
281474976710655.000000	11.542652	756	1529905152.000000
281474976710655.000000	11.822477	757	1530946816.000000
281474976710655.000000	11.451848	758	1531987712.000000
281474976710655.000000	11.536969	759	1533030016.000000
281474976710655.000000	11.764700	760	1534071040.000000
281474976710655.000000	11.851252	761	1535113600.000000
281474976710655.000000	11.902647	762	1536153600.000000
281474976710655.000000	11.584224	763	1537196800.000000
281474976710655.000000	12.014093	764	1538236416.000000
281474976710655.000000	11.782970	765	1539281536.000000
281474976710655.000000	12.011426	766	1540318720.000000
281474976710655.000000	11.906463	767	1541364352.000000
281474976710655.000000	11.946674	768	1542400512.000000
281474976710655.000000	12.092258	769	1543448576.000000
281474976710655.000000	11.935527	770	1544483840.000000
281474976710655.000000	11.990810	771	1545532032.000000
281474976710655.000000	11.868751	772	1546566656.000000
281474976710655.000000	11.923462	773	1547614592.000000
281474976710655.000000	12.015958	774	1548648832.000000
281474976710655.000000	11.950559	775	1549699072.000000
281474976710655.000000	11.803565	776	1550732288.000000
281474976710655.000000	12.264113	777	1551781760.000000
281474976710655.000000	12.018576	778	1552815488.000000
281474976710655.000000	12.029971	779	1553865088.000000
281474976710655.000000	11.858427	780	1554898432.000000
281474976710655.000000	12.378243	781	1555948672.000000
281474976710655.000000	12.410449	782	1556982272.000000
281474976710655.000000	12.415048	783	1558031744.000000
281474976710655.000000	12.313037	784	1559064576.000000
281474976710655.000000	12.469798	785	1560114432.000000
281474976710655.000000	12.469102	786	1561147776.000000
281474976710655.000000	12.459264	787	1562197120.000000
281474976710655.000000	12.715117	788	1563231872.000000
281474976710655.000000	12.289477	789	1564280704.000000
281474976710655.000000	12.303123	790	1565315200.000000
281474976710655.000000	12.555126	791	1566363776.000000
281474976710655.000000	12.442754	792	1567398400.000000
281474976710655.000000	12.491557	793	1568446720.000000
281474976710655.000000	12.594501	794	1569481344.000000
281474976710655.000000	12.707195	795	1570529920.000000
281474976710655.000000	12.585979	796	1571564032.000000
281474976710655.000000	12.351456	797	1572613504.000000
281474976710655.000000	12.749879	798	1573648128.000000
281474976710655.000000	12.707713	799	1574695808.000000
281474976710655.000000	12.456447	800	1575730176.000000
281474976710655.000000	12.722324	801	1576779008.000000
281474976710655.000000	12.482427	802	1577813376.000000
281474976710655.000000	12.695067	803	1578863232.000000
281474976710655.000000	12.739181	804	1579896832.000000
281474976710655.000000	12.707925	805	1580945792.000000
281474976710655.000000	13.096672	806	1581979776.000000
281474976710655.000000	12.690424	807	1583029248.000000
281474976710655.000000	12.668674	808	1584063104.000000
281474976710655.000000	13.010701	809	1585111808.000000
281474976710655.000000	12.594135	810	1586145792.000000
281474976710655.000000	12.690969	811	1587195008.000000
281474976710655.000000	13.057451	812	1588229760.000000
281474976710655.000000	13.205108	813	1589277184.000000
281474976710655.000000	12.967001	814	1590312448.000000
281474976710655.000000	13.057273	815	1591360768.000000
281474976710655.000000	12.273429	816	1592393600.000000
281474976710655.000000	13.044319	817	1593443200.000000
281474976710655.000000	12.968289	818	1594480512.000000
281474976710655.000000	13.214602	819	1595526272.000000
281474976710655.000000	12.736813	820	1596562560.000000
